5.000000000000000278e-02 0.000000000000000000e+00
5.959595959595959808e-02 0.000000000000000000e+00
6.919191919191919338e-02 0.000000000000000000e+00
7.878787878787879562e-02 0.000000000000000000e+00
8.838383838383838398e-02 6.278999999999999915e+00
9.797979797979797234e-02 7.067300000000000360e+00
1.075757575757575746e-01 7.794500000000000206e+00
1.171717171717171629e-01 8.459799999999999542e+00
1.267676767676767513e-01 9.124100000000000321e+00
1.363636363636363535e-01 3.957500000000000018e+00
1.459595959595959558e-01 4.254500000000000171e+00
1.555555555555555580e-01 4.562400000000000233e+00
1.651515151515151603e-01 4.831500000000000128e+00
1.747474747474747625e-01 5.118100000000000094e+00
1.843434343434343092e-01 5.410199999999999676e+00
1.939393939393939115e-01 5.707699999999999996e+00
2.035353535353535137e-01 6.006199999999999761e+00
2.131313131313131159e-01 6.280800000000000161e+00
2.227272727272727182e-01 6.545700000000000074e+00
2.323232323232323204e-01 6.869200000000000195e+00
2.419191919191919227e-01 7.168300000000000338e+00
2.515151515151515249e-01 7.456999999999999851e+00
2.611111111111110716e-01 7.729499999999999815e+00
2.707070707070706739e-01 7.992899999999999672e+00
2.803030303030302761e-01 8.309599999999999653e+00
2.898989898989898784e-01 8.600799999999999557e+00
2.994949494949494806e-01 8.876599999999999824e+00
3.090909090909090828e-01 4.568200000000000038e+00
3.186868686868686296e-01 4.722599999999999909e+00
3.282828282828282318e-01 4.870300000000000296e+00
3.378787878787878340e-01 5.023799999999999599e+00
3.474747474747474363e-01 5.159299999999999997e+00
3.570707070707070385e-01 5.293300000000000338e+00
3.666666666666666408e-01 5.442199999999999704e+00
3.762626262626262430e-01 5.602400000000000269e+00
3.858585858585858452e-01 5.747700000000000031e+00
3.954545454545454475e-01 5.882600000000000051e+00
4.050505050505049942e-01 6.004599999999999937e+00
4.146464646464645964e-01 6.165799999999999947e+00
4.242424242424241987e-01 6.322000000000000064e+00
4.338383838383838009e-01 6.474899999999999878e+00
4.434343434343434032e-01 6.607999999999999652e+00
4.530303030303030054e-01 6.741299999999999848e+00
4.626262626262626076e-01 6.893900000000000361e+00
4.722222222222221544e-01 7.039200000000000124e+00
4.818181818181817566e-01 7.190900000000000070e+00
4.914141414141413589e-01 7.330300000000000260e+00
5.010101010101010166e-01 7.466999999999999638e+00
5.106060606060606188e-01 7.621800000000000352e+00
5.202020202020202211e-01 7.530199999999999783e+00
5.297979797979798233e-01 7.913499999999999979e+00
5.393939393939394256e-01 8.054199999999999804e+00
5.489898989898990278e-01 8.189999999999999503e+00
5.585858585858586300e-01 8.341699999999999449e+00
5.681818181818182323e-01 8.493700000000000472e+00
5.777777777777778345e-01 8.645899999999999253e+00
5.873737373737373257e-01 8.779899999999999594e+00
5.969696969696969280e-01 4.461700000000000443e+00
6.065656565656565302e-01 4.524200000000000443e+00
6.161616161616161325e-01 4.609399999999999942e+00
6.257575757575757347e-01 4.681099999999999817e+00
6.353535353535353369e-01 4.748499999999999943e+00
6.449494949494949392e-01 4.815100000000000158e+00
6.545454545454545414e-01 4.891700000000000159e+00
6.641414141414141437e-01 4.965799999999999770e+00
6.737373737373737459e-01 5.040600000000000414e+00
6.833333333333333481e-01 5.109899999999999665e+00
6.929292929292929504e-01 5.179400000000000226e+00
7.025252525252525526e-01 5.257900000000000240e+00
7.121212121212121549e-01 5.331100000000000172e+00
7.217171717171717571e-01 5.407099999999999795e+00
7.313131313131313593e-01 5.472400000000000375e+00
7.409090909090909616e-01 5.545300000000000118e+00
7.505050505050504528e-01 5.617099999999999760e+00
7.601010101010100550e-01 5.693699999999999761e+00
7.696969696969696573e-01 5.765100000000000335e+00
7.792929292929292595e-01 5.833099999999999952e+00
7.888888888888888618e-01 5.901799999999999713e+00
7.984848484848484640e-01 5.980800000000000338e+00
8.080808080808080662e-01 6.051599999999999646e+00
8.176767676767676685e-01 6.129800000000000360e+00
8.272727272727272707e-01 6.199600000000000222e+00
8.368686868686868729e-01 6.266799999999999926e+00
8.464646464646464752e-01 6.340900000000000425e+00
8.560606060606060774e-01 6.406900000000000261e+00
8.656565656565656797e-01 6.490499999999999936e+00
8.752525252525252819e-01 6.560699999999999754e+00
8.848484848484848841e-01 6.630600000000000271e+00
8.944444444444443754e-01 6.702600000000000335e+00
9.040404040404039776e-01 6.774600000000000399e+00
9.136363636363635798e-01 6.853600000000000136e+00
9.232323232323231821e-01 6.922900000000000276e+00
9.328282828282827843e-01 6.989700000000000024e+00
9.424242424242423866e-01 7.064499999999999780e+00
9.520202020202019888e-01 7.136199999999999655e+00
9.616161616161615910e-01 7.217100000000000293e+00
9.712121212121211933e-01 7.280899999999999928e+00
9.808080808080807955e-01 7.351099999999999746e+00
9.904040404040403978e-01 7.424599999999999866e+00
1.000000000000000000e+00 7.502399999999999736e+00
