0.000000000000000000e+00 2.103659999999999944e-12
2.020202020202020374e-02 2.182710000000000097e-12
4.040404040404040747e-02 1.403550000000000012e-12
6.060606060606060774e-02 1.811449999999999920e-12
8.080808080808081495e-02 1.976210000000000119e-12
1.010101010101010222e-01 1.684660000000000013e-12
1.212121212121212155e-01 1.127110000000000031e-12
1.414141414141414366e-01 1.580300000000000042e-12
1.616161616161616299e-01 1.843429999999999951e-12
1.818181818181818232e-01 1.677330000000000084e-12
2.020202020202020443e-01 1.561870000000000089e-12
2.222222222222222376e-01 1.640689999999999949e-12
2.424242424242424310e-01 1.697980000000000001e-12
2.626262626262626521e-01 1.227250000000000047e-12
2.828282828282828731e-01 1.982209999999999891e-12
3.030303030303030387e-01 1.428640000000000060e-12
3.232323232323232598e-01 2.190259999999999999e-12
3.434343434343434809e-01 1.221699999999999934e-12
3.636363636363636465e-01 2.103440000000000173e-12
3.838383838383838675e-01 2.042159999999999853e-12
4.040404040404040886e-01 2.050369999999999875e-12
4.242424242424242542e-01 1.919370000000000131e-12
4.444444444444444753e-01 1.559870000000000097e-12
4.646464646464646964e-01 1.776139999999999942e-12
4.848484848484848619e-01 1.594730000000000011e-12
5.050505050505050830e-01 1.624490000000000079e-12
5.252525252525253041e-01 1.898719999999999810e-12
5.454545454545455252e-01 1.442409999999999909e-12
5.656565656565657463e-01 2.034830000000000125e-12
5.858585858585858563e-01 1.373569999999999972e-12
6.060606060606060774e-01 1.464840000000000047e-12
6.262626262626262985e-01 1.725519999999999901e-12
6.464646464646465196e-01 1.793680000000000088e-12
6.666666666666667407e-01 1.730839999999999923e-12
6.868686868686869618e-01 1.556539999999999949e-12
7.070707070707071829e-01 1.472609999999999922e-12
7.272727272727272929e-01 1.392889999999999934e-12
7.474747474747475140e-01 1.404220000000000049e-12
7.676767676767677351e-01 1.964219999999999884e-12
7.878787878787879562e-01 1.684660000000000013e-12
8.080808080808081773e-01 1.432189999999999979e-12
8.282828282828283983e-01 1.184609999999999937e-12
8.484848484848485084e-01 1.340049999999999929e-12
8.686868686868687295e-01 1.983980000000000196e-12
8.888888888888889506e-01 1.855200000000000011e-12
9.090909090909091717e-01 1.248789999999999973e-12
9.292929292929293927e-01 1.989529999999999904e-12
9.494949494949496138e-01 1.239240000000000079e-12
9.696969696969697239e-01 1.632920000000000074e-12
9.898989898989899450e-01 1.779029999999999943e-12
1.010101010101010166e+00 1.430860000000000024e-12
1.030303030303030498e+00 1.982870000000000012e-12
1.050505050505050608e+00 1.795019999999999959e-12
1.070707070707070718e+00 1.291859999999999910e-12
1.090909090909091050e+00 2.055699999999999813e-12
1.111111111111111160e+00 1.301410000000000005e-12
1.131313131313131493e+00 1.476160000000000043e-12
1.151515151515151603e+00 1.843650000000000126e-12
1.171717171717171713e+00 1.375800000000000055e-12
1.191919191919192045e+00 1.688659999999999996e-12
1.212121212121212155e+00 1.797900000000000043e-12
1.232323232323232487e+00 1.705750000000000078e-12
1.252525252525252597e+00 1.948899999999999905e-12
1.272727272727272929e+00 1.475720000000000098e-12
1.292929292929293039e+00 1.217029999999999914e-12
1.313131313131313149e+00 2.149179999999999936e-12
1.333333333333333481e+00 1.608940000000000008e-12
1.353535353535353591e+00 1.112889999999999916e-12
1.373737373737373924e+00 1.354259999999999926e-12
1.393939393939394034e+00 1.195050000000000042e-12
1.414141414141414366e+00 1.836989999999999829e-12
1.434343434343434476e+00 1.334049999999999955e-12
1.454545454545454586e+00 1.784360000000000083e-12
1.474747474747474918e+00 1.538109999999999996e-12
1.494949494949495028e+00 1.782139999999999917e-12
1.515151515151515360e+00 1.473050000000000070e-12
1.535353535353535470e+00 1.781029999999999935e-12
1.555555555555555580e+00 1.481039999999999917e-12
1.575757575757575912e+00 1.889839999999999953e-12
1.595959595959596022e+00 1.121780000000000093e-12
1.616161616161616355e+00 1.785020000000000001e-12
1.636363636363636465e+00 2.163840000000000199e-12
1.656565656565656797e+00 1.296970000000000077e-12
1.676767676767676907e+00 1.638469999999999985e-12
1.696969696969697017e+00 1.890279999999999898e-12
1.717171717171717349e+00 2.091230000000000168e-12
1.737373737373737459e+00 1.731949999999999905e-12
1.757575757575757791e+00 1.285200000000000017e-12
1.777777777777777901e+00 2.031499999999999977e-12
1.797979797979798233e+00 1.387120000000000051e-12
1.818181818181818343e+00 2.046380000000000011e-12
1.838383838383838453e+00 1.618049999999999957e-12
1.858585858585858785e+00 1.339600000000000068e-12
1.878787878787878896e+00 1.725070000000000040e-12
1.898989898989899228e+00 1.920029999999999847e-12
1.919191919191919338e+00 1.277649999999999913e-12
1.939393939393939448e+00 2.234229999999999861e-12
1.959595959595959780e+00 1.426420000000000096e-12
1.979797979797979890e+00 1.706640000000000087e-12
2.000000000000000000e+00 2.150959999999999955e-12
