0.000000000000000000e+00 2.006850000000000077e-12
2.020202020202020374e-02 1.489040000000000085e-12
4.040404040404040747e-02 1.545880000000000073e-12
6.060606060606060774e-02 1.795680000000000079e-12
8.080808080808081495e-02 1.624490000000000079e-12
1.010101010101010222e-01 1.382679999999999920e-12
1.212121212121212155e-01 1.501470000000000064e-12
1.414141414141414366e-01 1.759270000000000035e-12
1.616161616161616299e-01 1.578300000000000050e-12
1.818181818181818232e-01 1.716189999999999981e-12
2.020202020202020443e-01 1.964219999999999884e-12
2.222222222222222376e-01 1.831219999999999946e-12
2.424242424242424310e-01 1.782139999999999917e-12
2.626262626262626521e-01 1.595620000000000021e-12
2.828282828282828731e-01 1.626710000000000043e-12
3.030303030303030387e-01 1.565639999999999981e-12
3.232323232323232598e-01 1.538780000000000033e-12
3.434343434343434809e-01 1.626710000000000043e-12
3.636363636363636465e-01 1.759929999999999954e-12
3.838383838383838675e-01 1.565420000000000008e-12
4.040404040404040886e-01 1.602500000000000088e-12
4.242424242424242542e-01 1.564310000000000026e-12
4.444444444444444753e-01 1.641799999999999931e-12
4.646464646464646964e-01 1.509909999999999975e-12
4.848484848484848619e-01 1.352479999999999908e-12
5.050505050505050830e-01 1.730180000000000005e-12
5.252525252525253041e-01 1.746609999999999966e-12
5.454545454545455252e-01 1.544329999999999944e-12
5.656565656565657463e-01 1.922030000000000041e-12
5.858585858585858563e-01 1.544109999999999971e-12
6.060606060606060774e-01 1.792349999999999931e-12
6.262626262626262985e-01 1.682440000000000049e-12
6.464646464646465196e-01 1.676669999999999963e-12
6.666666666666667407e-01 1.412879999999999933e-12
6.868686868686869618e-01 1.530780000000000067e-12
7.070707070707071829e-01 1.598949999999999967e-12
7.272727272727272929e-01 1.527229999999999946e-12
7.474747474747475140e-01 1.583629999999999988e-12
7.676767676767677351e-01 1.632699999999999899e-12
7.878787878787879562e-01 1.580520000000000014e-12
8.080808080808081773e-01 1.515460000000000088e-12
8.282828282828283983e-01 1.394889999999999926e-12
8.484848484848485084e-01 1.311180000000000074e-12
8.686868686868687295e-01 1.647359999999999960e-12
8.888888888888889506e-01 1.785020000000000001e-12
9.090909090909091717e-01 1.703529999999999911e-12
9.292929292929293927e-01 1.842760000000000117e-12
9.494949494949496138e-01 1.823219999999999980e-12
9.696969696969697239e-01 1.641359999999999985e-12
9.898989898989899450e-01 1.668889999999999970e-12
1.010101010101010166e+00 1.324949999999999923e-12
1.030303030303030498e+00 1.570969999999999919e-12
1.050505050505050608e+00 1.853419999999999993e-12
1.070707070707070718e+00 1.799680000000000062e-12
1.090909090909091050e+00 1.789690000000000021e-12
1.111111111111111160e+00 2.085459999999999880e-12
1.131313131313131493e+00 1.586290000000000100e-12
1.151515151515151603e+00 1.641579999999999958e-12
1.171717171717171713e+00 1.585179999999999916e-12
1.191919191919192045e+00 1.554539999999999958e-12
1.212121212121212155e+00 1.895830000000000011e-12
1.232323232323232487e+00 1.940680000000000168e-12
1.252525252525252597e+00 1.453509999999999933e-12
1.272727272727272929e+00 1.471050000000000078e-12
1.292929292929293039e+00 1.489040000000000085e-12
1.313131313131313149e+00 1.437519999999999917e-12
1.333333333333333481e+00 1.561870000000000089e-12
1.353535353535353591e+00 2.063700000000000183e-12
1.373737373737373924e+00 1.415320000000000072e-12
1.393939393939394034e+00 1.636920000000000057e-12
1.414141414141414366e+00 1.716189999999999981e-12
1.434343434343434476e+00 1.723519999999999910e-12
1.454545454545454586e+00 1.566980000000000054e-12
1.474747474747474918e+00 1.197270000000000007e-12
1.494949494949495028e+00 1.991980000000000162e-12
1.515151515151515360e+00 1.926469999999999969e-12
1.535353535353535470e+00 1.797239999999999923e-12
1.555555555555555580e+00 1.574080000000000094e-12
1.575757575757575912e+00 1.749719999999999940e-12
1.595959595959596022e+00 1.675779999999999954e-12
1.616161616161616355e+00 1.419320000000000055e-12
1.636363636363636465e+00 1.483260000000000084e-12
1.656565656565656797e+00 1.617379999999999920e-12
1.676767676767676907e+00 1.542770000000000100e-12
1.696969696969697017e+00 1.548990000000000047e-12
1.717171717171717349e+00 1.416870000000000000e-12
1.737373737373737459e+00 1.590510000000000056e-12
1.757575757575757791e+00 1.629149999999999980e-12
1.777777777777777901e+00 1.717079999999999990e-12
1.797979797979798233e+00 1.475050000000000061e-12
1.818181818181818343e+00 1.559870000000000097e-12
1.838383838383838453e+00 1.736619999999999925e-12
1.858585858585858785e+00 1.356030000000000029e-12
1.878787878787878896e+00 1.802339999999999972e-12
1.898989898989899228e+00 1.573190000000000085e-12
1.919191919191919338e+00 1.861190000000000070e-12
1.939393939393939448e+00 1.899379999999999930e-12
1.959595959595959780e+00 1.650689999999999906e-12
1.979797979797979890e+00 1.794790000000000070e-12
2.000000000000000000e+00 1.554539999999999958e-12
