-1.000000000000000000e+00 7.604199999999999446e-12
-9.797979797979797789e-01 2.184309999999999848e-11
-9.595959595959595578e-01 3.799290000000000303e-11
-9.393939393939394478e-01 2.379969999999999925e-11
-9.191919191919192267e-01 2.050640000000000156e-11
-8.989898989898990056e-01 1.698920000000000116e-11
-8.787878787878787845e-01 5.830030000000000352e-12
-8.585858585858585634e-01 1.066169999999999929e-11
-8.383838383838383423e-01 1.617919999999999956e-11
-8.181818181818181213e-01 8.849869999999999731e-12
-7.979797979797980112e-01 2.060589999999999806e-12
-7.777777777777777901e-01 2.575729999999999971e-12
-7.575757575757575690e-01 2.543760000000000058e-12
-7.373737373737373479e-01 1.808339999999999946e-12
-7.171717171717171269e-01 2.603079999999999931e-11
-6.969696969696970168e-01 3.954200000000000256e-12
-6.767676767676766847e-01 3.883140000000000355e-12
-6.565656565656565746e-01 7.627730000000000255e-12
-6.363636363636363535e-01 1.513460000000000096e-12
-6.161616161616161325e-01 7.062820000000000393e-12
-5.959595959595959114e-01 9.176709999999999982e-12
-5.757575757575756903e-01 1.075770000000000050e-11
-5.555555555555555802e-01 1.649180000000000128e-11
-5.353535353535352481e-01 3.815639999999999683e-12
-5.151515151515151381e-01 3.520749999999999917e-12
-4.949494949494949170e-01 4.796189999999999983e-12
-4.747474747474746959e-01 1.371350000000000008e-12
-4.545454545454544748e-01 3.950650000000000337e-12
-4.343434343434342537e-01 4.856590000000000009e-12
-4.141414141414141437e-01 5.954380000000000322e-12
-3.939393939393939226e-01 3.144169999999999920e-12
-3.737373737373737015e-01 9.130539999999999180e-13
-3.535353535353534804e-01 1.387339999999999943e-11
-3.333333333333332593e-01 3.367990000000000071e-12
-3.131313131313130382e-01 2.476260000000000194e-12
-2.929292929292928171e-01 5.368180000000000255e-12
-2.727272727272727071e-01 3.645109999999999601e-12
-2.525252525252524860e-01 3.922219999999999821e-12
-2.323232323232322649e-01 2.732049999999999855e-12
-2.121212121212120438e-01 3.215220000000000107e-12
-1.919191919191918227e-01 3.296930000000000170e-12
-1.717171717171716017e-01 3.133510000000000044e-12
-1.515151515151514916e-01 3.026929999999999907e-12
-1.313131313131312705e-01 3.613119999999999856e-12
-1.111111111111110494e-01 3.176139999999999833e-12
-9.090909090909082835e-02 3.893800000000000231e-12
-7.070707070707060726e-02 3.261409999999999933e-12
-5.050505050505038618e-02 3.698399999999999670e-12
-3.030303030303027612e-02 3.264959999999999853e-12
-1.010101010101005503e-02 3.780120000000000255e-12
1.010101010101016605e-02 3.353779999999999872e-12
3.030303030303049816e-02 3.169029999999999877e-12
5.050505050505060822e-02 3.741039999999999981e-12
7.070707070707071829e-02 3.602470000000000098e-12
9.090909090909105039e-02 3.510090000000000041e-12
1.111111111111111605e-01 3.332460000000000120e-12
1.313131313131314926e-01 3.019819999999999950e-12
1.515151515151516026e-01 3.296930000000000170e-12
1.717171717171717127e-01 3.787220000000000093e-12
1.919191919191920448e-01 3.101530000000000013e-12
2.121212121212121549e-01 3.822749999999999640e-12
2.323232323232324870e-01 2.902579999999999937e-12
2.525252525252525970e-01 3.048239999999999944e-12
2.727272727272729291e-01 3.403509999999999904e-12
2.929292929292930392e-01 2.831530000000000154e-12
3.131313131313131493e-01 2.987850000000000037e-12
3.333333333333334814e-01 3.581149999999999942e-12
3.535353535353535914e-01 4.476450000000000378e-12
3.737373737373739235e-01 3.904460000000000107e-12
3.939393939393940336e-01 2.788889999999999843e-12
4.141414141414143657e-01 3.808539999999999845e-12
4.343434343434344758e-01 4.057229999999999667e-12
4.545454545454545858e-01 1.680440000000000057e-12
4.747474747474749179e-01 4.273939999999999861e-12
4.949494949494950280e-01 3.872489999999999789e-12
5.151515151515153601e-01 4.394729999999999794e-12
5.353535353535354702e-01 3.961300000000000095e-12
5.555555555555555802e-01 4.750009999999999871e-12
5.757575757575759123e-01 5.339759999999999857e-12
5.959595959595960224e-01 5.435680000000000119e-12
6.161616161616163545e-01 3.669980000000000080e-12
6.363636363636364646e-01 3.254299999999999977e-12
6.565656565656567967e-01 6.501489999999999997e-12
6.767676767676769067e-01 7.091239999999999983e-12
6.969696969696970168e-01 2.643229999999999916e-11
7.171717171717173489e-01 5.808709999999999793e-12
7.373737373737374590e-01 9.247770000000000691e-12
7.575757575757577911e-01 3.407069999999999941e-12
7.777777777777779011e-01 7.634839999999999404e-12
7.979797979797982332e-01 7.997210000000000010e-12
8.181818181818183433e-01 1.509909999999999975e-12
8.383838383838384534e-01 4.504869999999999969e-12
8.585858585858587855e-01 2.504680000000000188e-12
8.787878787878788955e-01 4.465789999999999695e-12
8.989898989898992276e-01 3.424830000000000059e-12
9.191919191919193377e-01 3.559830000000000191e-12
9.393939393939394478e-01 7.972350000000000457e-12
9.595959595959597799e-01 3.364430000000000034e-12
9.797979797979798899e-01 1.671919999999999847e-11
1.000000000000000000e+00 1.836410000000000008e-11
