-1.000000000000000000e+00 7.339519999999999810e-12
-9.797979797979797789e-01 9.712290000000000008e-12
-9.595959595959595578e-01 4.863689999999999847e-12
-9.393939393939394478e-01 5.938389999999999701e-12
-9.191919191919192267e-01 1.144599999999999949e-11
-8.989898989898990056e-01 1.592869999999999937e-11
-8.787878787878787845e-01 1.216100000000000039e-11
-8.585858585858585634e-01 2.062360000000000110e-12
-8.383838383838383423e-01 1.127810000000000058e-11
-8.181818181818181213e-01 9.464480000000000077e-12
-7.979797979797980112e-01 4.494200000000000177e-13
-7.777777777777777901e-01 2.025059999999999855e-12
-7.575757575757575690e-01 7.510490000000000242e-12
-7.373737373737373479e-01 5.805159999999999873e-12
-7.171717171717171269e-01 3.373320000000000009e-12
-6.969696969696970168e-01 1.244699999999999977e-11
-6.767676767676766847e-01 1.085890000000000011e-11
-6.565656565656565746e-01 1.013950000000000057e-11
-6.363636363636363535e-01 9.876610000000000261e-13
-6.161616161616161325e-01 7.185390000000000345e-12
-5.959595959595959114e-01 2.318159999999999888e-12
-5.757575757575756903e-01 2.282629999999999938e-12
-5.555555555555555802e-01 3.076659999999999938e-12
-5.353535353535352481e-01 3.710840000000000372e-12
-5.151515151515151381e-01 4.334339999999999886e-12
-4.949494949494949170e-01 3.993279999999999722e-12
-4.747474747474746959e-01 3.115739999999999808e-12
-4.545454545454544748e-01 3.222330000000000064e-12
-4.343434343434342537e-01 3.455030000000000072e-12
-4.141414141414141437e-01 3.490560000000000022e-12
-3.939393939393939226e-01 3.238310000000000163e-12
-3.737373737373737015e-01 3.922219999999999821e-12
-3.535353535353534804e-01 3.952420000000000237e-12
-3.333333333333332593e-01 3.423050000000000040e-12
-3.131313131313130382e-01 3.351999999999999853e-12
-2.929292929292928171e-01 3.490560000000000022e-12
-2.727272727272727071e-01 3.312919999999999984e-12
-2.525252525252524860e-01 3.705509999999999626e-12
-2.323232323232322649e-01 3.845840000000000100e-12
-2.121212121212120438e-01 3.284499999999999990e-12
-1.919191919191918227e-01 3.160150000000000020e-12
-1.717171717171716017e-01 3.232979999999999821e-12
-1.515151515151514916e-01 3.741039999999999981e-12
-1.313131313131312705e-01 3.764129999999999633e-12
-1.111111111111110494e-01 2.836860000000000092e-12
-9.090909090909082835e-02 3.518980000000000016e-12
-7.070707070707060726e-02 3.913339999999999964e-12
-5.050505050505038618e-02 3.792550000000000031e-12
-3.030303030303027612e-02 3.439039999999999854e-12
-1.010101010101005503e-02 2.971859999999999819e-12
1.010101010101016605e-02 3.556279999999999868e-12
3.030303030303049816e-02 3.582929999999999961e-12
5.050505050505060822e-02 3.442590000000000177e-12
7.070707070707071829e-02 3.549169999999999911e-12
9.090909090909105039e-02 3.362660000000000133e-12
1.111111111111111605e-01 3.646889999999999620e-12
1.313131313131314926e-01 3.350219999999999835e-12
1.515151515151516026e-01 2.936329999999999869e-12
1.717171717171717127e-01 3.421280000000000140e-12
1.919191919191920448e-01 3.181470000000000175e-12
2.121212121212121549e-01 3.902680000000000088e-12
2.323232323232324870e-01 3.876039999999999709e-12
2.525252525252525970e-01 3.753469999999999757e-12
2.727272727272729291e-01 3.684189999999999875e-12
2.929292929292930392e-01 3.229429999999999902e-12
3.131313131313131493e-01 2.993179999999999975e-12
3.333333333333334814e-01 3.490560000000000022e-12
3.535353535353535914e-01 3.154820000000000082e-12
3.737373737373739235e-01 3.140609999999999883e-12
3.939393939393940336e-01 2.922120000000000074e-12
4.141414141414143657e-01 3.479900000000000147e-12
4.343434343434344758e-01 3.570490000000000066e-12
4.545454545454545858e-01 3.456799999999999972e-12
4.747474747474749179e-01 3.815639999999999683e-12
4.949494949494950280e-01 4.465789999999999695e-12
5.151515151515153601e-01 3.486999999999999985e-12
5.353535353535354702e-01 1.939799999999999873e-12
5.555555555555555802e-01 4.003939999999999598e-12
5.757575757575759123e-01 3.820969999999999621e-12
5.959595959595960224e-01 2.851069999999999887e-12
6.161616161616163545e-01 2.362570000000000100e-12
6.363636363636364646e-01 1.080560000000000073e-11
6.565656565656567967e-01 1.511689999999999913e-11
6.767676767676769067e-01 7.824909999999999219e-12
6.969696969696970168e-01 5.583119999999999741e-12
7.171717171717173489e-01 1.011640000000000080e-11
7.373737373737374590e-01 2.581059999999999909e-12
7.575757575757577911e-01 2.322780000000000004e-11
7.777777777777779011e-01 1.877440000000000046e-11
7.979797979797982332e-01 3.513650000000000078e-12
8.181818181818183433e-01 8.176629999999999259e-12
8.383838383838384534e-01 9.015070000000000683e-12
8.585858585858587855e-01 2.480520000000000097e-11
8.787878787878788955e-01 8.773479999999999892e-12
8.989898989898992276e-01 6.464189999999999742e-12
9.191919191919193377e-01 9.471589999999999226e-12
9.393939393939394478e-01 3.309370000000000064e-12
9.595959595959597799e-01 8.645580000000000002e-12
9.797979797979798899e-01 2.156510000000000067e-12
1.000000000000000000e+00 1.146470000000000062e-11
