1.000000000000000000e+00 3.222770000000000009e-12
1.008080808080808133e+00 2.611259999999999922e-12
1.016161616161616266e+00 2.171169999999999926e-12
1.024242424242424176e+00 2.440729999999999840e-12
1.032323232323232309e+00 3.298710000000000189e-12
1.040404040404040442e+00 3.587369999999999890e-12
1.048484848484848575e+00 3.679749999999999946e-12
1.056565656565656486e+00 2.586830000000000197e-12
1.064646464646464619e+00 2.604149999999999965e-12
1.072727272727272751e+00 3.631330000000000037e-12
1.080808080808080884e+00 4.021259999999999770e-12
1.088888888888888795e+00 3.269400000000000185e-12
1.096969696969696928e+00 2.598820000000000027e-12
1.105050505050505061e+00 2.958089999999999970e-12
1.113131313131313194e+00 3.410170000000000200e-12
1.121212121212121104e+00 3.914670000000000323e-12
1.129292929292929237e+00 3.702400000000000057e-12
1.137373737373737370e+00 3.127290000000000097e-12
1.145454545454545503e+00 2.767130000000000145e-12
1.153535353535353636e+00 2.602820000000000010e-12
1.161616161616161547e+00 2.861280000000000103e-12
1.169696969696969679e+00 2.953650000000000041e-12
1.177777777777777812e+00 2.959869999999999988e-12
1.185858585858585945e+00 2.561079999999999827e-12
1.193939393939393856e+00 2.626800000000000076e-12
1.202020202020201989e+00 3.027810000000000202e-12
1.210101010101010122e+00 2.957650000000000024e-12
1.218181818181818254e+00 3.466129999999999893e-12
1.226262626262626387e+00 3.640230000000000131e-12
1.234343434343434298e+00 3.618009999999999848e-12
1.242424242424242431e+00 3.893800000000000231e-12
1.250505050505050564e+00 4.017260000000000191e-12
1.258585858585858475e+00 3.622009999999999831e-12
1.266666666666666607e+00 2.649450000000000186e-12
1.274747474747474740e+00 2.784449999999999914e-12
1.282828282828282873e+00 2.831080000000000090e-12
1.290909090909091006e+00 3.234759999999999840e-12
1.298989898989898917e+00 3.532299999999999802e-12
1.307070707070707050e+00 3.597580000000000106e-12
1.315151515151515182e+00 3.182360000000000184e-12
1.323232323232323093e+00 2.465599999999999915e-12
1.331313131313131226e+00 2.440729999999999840e-12
1.339393939393939359e+00 2.887480000000000132e-12
1.347474747474747492e+00 3.065120000000000171e-12
1.355555555555555625e+00 3.183250000000000194e-12
1.363636363636363757e+00 3.171699999999999905e-12
1.371717171717171668e+00 3.378199999999999883e-12
1.379797979797979801e+00 3.412399999999999879e-12
1.387878787878787934e+00 3.659769999999999864e-12
1.395959595959595845e+00 4.042129999999999862e-12
1.404040404040403978e+00 3.709060000000000353e-12
1.412121212121212110e+00 3.212110000000000133e-12
1.420202020202020243e+00 3.426610000000000078e-12
1.428282828282828376e+00 3.597140000000000160e-12
1.436363636363636287e+00 3.446149999999999811e-12
1.444444444444444420e+00 3.378199999999999883e-12
1.452525252525252553e+00 2.700079999999999941e-12
1.460606060606060685e+00 2.770690000000000183e-12
1.468686868686868596e+00 3.205449999999999837e-12
1.476767676767676729e+00 3.296489999999999820e-12
1.484848484848484862e+00 3.263629999999999898e-12
1.492929292929292995e+00 3.538960000000000099e-12
1.501010101010101128e+00 4.084319999999999706e-12
1.509090909090909038e+00 4.037689999999999934e-12
1.517171717171717171e+00 3.739700000000000312e-12
1.525252525252525304e+00 3.086429999999999805e-12
1.533333333333333215e+00 3.273400000000000168e-12
1.541414141414141348e+00 2.749809999999999973e-12
1.549494949494949481e+00 3.047799999999999999e-12
1.557575757575757613e+00 2.923900000000000092e-12
1.565656565656565746e+00 2.653890000000000115e-12
1.573737373737373879e+00 2.358130000000000172e-12
1.581818181818181790e+00 2.328820000000000168e-12
1.589898989898989923e+00 2.460269999999999977e-12
1.597979797979797834e+00 2.524219999999999921e-12
1.606060606060605966e+00 2.929230000000000030e-12
1.614141414141414099e+00 3.314700000000000002e-12
1.622222222222222232e+00 3.660659999999999873e-12
1.630303030303030365e+00 3.392860000000000146e-12
1.638383838383838498e+00 3.610899999999999891e-12
1.646464646464646409e+00 4.128280000000000257e-12
1.654545454545454541e+00 4.114510000000000004e-12
1.662626262626262674e+00 3.614899999999999874e-12
1.670707070707070585e+00 3.687300000000000252e-12
1.678787878787878718e+00 3.714390000000000291e-12
1.686868686868686851e+00 3.431940000000000016e-12
1.694949494949494984e+00 3.461250000000000019e-12
1.703030303030303116e+00 3.498549999999999870e-12
1.711111111111111249e+00 3.547400000000000010e-12
1.719191919191919160e+00 3.536300000000000189e-12
1.727272727272727293e+00 3.494109999999999942e-12
1.735353535353535204e+00 2.925669999999999993e-12
1.743434343434343337e+00 3.446590000000000160e-12
1.751515151515151469e+00 3.435929999999999880e-12
1.759595959595959602e+00 3.261409999999999933e-12
1.767676767676767735e+00 3.486999999999999985e-12
1.775757575757575868e+00 3.355109999999999827e-12
1.783838383838384001e+00 3.263629999999999898e-12
1.791919191919191912e+00 2.553969999999999870e-12
1.800000000000000044e+00 2.927450000000000012e-12
