1.000000000000000000e+00 2.828420000000000180e-12
1.005050505050504972e+00 2.988729999999999928e-12
1.010101010101010166e+00 3.156160000000000155e-12
1.015151515151515138e+00 3.312029999999999974e-12
1.020202020202020110e+00 3.264510000000000193e-12
1.025252525252525304e+00 2.523329999999999912e-12
1.030303030303030276e+00 3.106420000000000005e-12
1.035353535353535470e+00 3.342229999999999987e-12
1.040404040404040442e+00 3.649999999999999997e-12
1.045454545454545414e+00 3.356880000000000132e-12
1.050505050505050608e+00 3.209000000000000160e-12
1.055555555555555580e+00 3.353779999999999872e-12
1.060606060606060552e+00 2.959869999999999988e-12
1.065656565656565746e+00 3.293820000000000196e-12
1.070707070707070718e+00 2.966089999999999936e-12
1.075757575757575690e+00 3.316029999999999957e-12
1.080808080808080884e+00 2.979410000000000125e-12
1.085858585858585856e+00 3.238759999999999823e-12
1.090909090909090828e+00 3.528749999999999883e-12
1.095959595959596022e+00 3.483010000000000120e-12
1.101010101010100994e+00 3.337339999999999995e-12
1.106060606060605966e+00 3.665099999999999802e-12
1.111111111111111160e+00 3.544729999999999982e-12
1.116161616161616132e+00 3.638450000000000112e-12
1.121212121212121104e+00 3.378199999999999883e-12
1.126262626262626299e+00 3.393740000000000037e-12
1.131313131313131271e+00 3.099310000000000049e-12
1.136363636363636465e+00 2.821759999999999883e-12
1.141414141414141437e+00 3.063789999999999812e-12
1.146464646464646409e+00 2.796440000000000149e-12
1.151515151515151603e+00 2.978960000000000062e-12
1.156565656565656575e+00 3.107749999999999960e-12
1.161616161616161547e+00 2.982960000000000045e-12
1.166666666666666741e+00 3.203669999999999818e-12
1.171717171717171713e+00 3.378639999999999829e-12
1.176767676767676907e+00 3.574039999999999986e-12
1.181818181818181879e+00 3.716170000000000310e-12
1.186868686868686851e+00 3.777009999999999877e-12
1.191919191919192045e+00 3.929329999999999777e-12
1.196969696969697017e+00 4.136270000000000105e-12
1.202020202020201989e+00 4.023480000000000139e-12
1.207070707070707183e+00 3.908459999999999686e-12
1.212121212121212155e+00 3.906240000000000125e-12
1.217171717171717127e+00 3.409729999999999851e-12
1.222222222222222321e+00 3.578039999999999969e-12
1.227272727272727293e+00 3.325799999999999824e-12
1.232323232323232265e+00 3.078439999999999957e-12
1.237373737373737459e+00 3.169029999999999877e-12
1.242424242424242431e+00 3.735710000000000043e-12
1.247474747474747403e+00 4.147819999999999990e-12
1.252525252525252597e+00 4.008380000000000334e-12
1.257575757575757569e+00 4.299700000000000349e-12
1.262626262626262541e+00 4.046120000000000131e-12
1.267676767676767735e+00 3.805430000000000275e-12
1.272727272727272707e+00 3.819640000000000070e-12
1.277777777777777679e+00 3.640669999999999673e-12
1.282828282828282873e+00 3.792550000000000031e-12
1.287878787878787845e+00 3.637099999999999921e-12
1.292929292929292817e+00 3.556719999999999813e-12
1.297979797979798011e+00 4.059000000000000375e-12
1.303030303030302983e+00 4.133610000000000195e-12
1.308080808080808177e+00 3.975070000000000348e-12
1.313131313131313149e+00 4.047900000000000150e-12
1.318181818181818343e+00 4.440479999999999674e-12
1.323232323232323315e+00 4.362760000000000284e-12
1.328282828282828287e+00 4.651859999999999931e-12
1.333333333333333481e+00 4.607900000000000187e-12
1.338383838383838453e+00 4.835270000000000257e-12
1.343434343434343425e+00 4.705599999999999659e-12
1.348484848484848619e+00 4.824610000000000381e-12
1.353535353535353591e+00 5.002249999999999612e-12
1.358585858585858563e+00 4.664299999999999825e-12
1.363636363636363757e+00 4.990260000000000185e-12
1.368686868686868729e+00 4.566149999999999885e-12
1.373737373737373701e+00 4.982260000000000219e-12
1.378787878787878896e+00 4.753559999999999790e-12
1.383838383838383868e+00 4.700269999999999722e-12
1.388888888888888840e+00 4.817950000000000084e-12
1.393939393939394034e+00 4.862799999999999838e-12
1.398989898989899006e+00 4.987149999999999808e-12
1.404040404040403978e+00 4.779759999999999820e-12
1.409090909090909172e+00 5.103950000000000279e-12
1.414141414141414144e+00 4.945409999999999624e-12
1.419191919191919116e+00 4.821059999999999654e-12
1.424242424242424310e+00 4.869019999999999785e-12
1.429292929292929282e+00 5.107939999999999740e-12
1.434343434343434254e+00 5.084850000000000088e-12
1.439393939393939448e+00 5.416140000000000386e-12
1.444444444444444420e+00 5.452559999999999942e-12
1.449494949494949614e+00 5.359300000000000398e-12
1.454545454545454586e+00 5.764309999999999699e-12
1.459595959595959558e+00 5.663940000000000199e-12
1.464646464646464752e+00 5.627529999999999953e-12
1.469696969696969724e+00 5.200310000000000083e-12
1.474747474747474918e+00 5.405479999999999702e-12
1.479797979797979890e+00 5.400149999999999765e-12
1.484848484848484862e+00 5.726110000000000124e-12
1.489898989898990056e+00 5.774960000000000265e-12
1.494949494949495028e+00 5.468539999999999638e-12
1.500000000000000000e+00 5.469429999999999647e-12
