1.000000000000000000e+00 1.310960000000000101e-12
1.001603206412825742e+00 1.746609999999999966e-12
1.003206412825651261e+00 9.894379999999999286e-13
1.004809619238477003e+00 1.707530000000000096e-12
1.006412825651302523e+00 1.098239999999999973e-12
1.008016032064128265e+00 2.348799999999999847e-12
1.009619238476954006e+00 1.575190000000000077e-12
1.011222444889779526e+00 1.723070000000000048e-12
1.012825651302605268e+00 7.105460000000000502e-13
1.014428857715430787e+00 1.481039999999999917e-12
1.016032064128256529e+00 1.248789999999999973e-12
1.017635270541082271e+00 2.374109999999999867e-12
1.019238476953907790e+00 1.609830000000000018e-12
1.020841683366733532e+00 1.778580000000000081e-12
1.022444889779559052e+00 9.139429999999999559e-13
1.024048096192384794e+00 2.076129999999999960e-12
1.025651302605210313e+00 1.521009999999999998e-12
1.027254509018036055e+00 2.141409999999999859e-12
1.028857715430861797e+00 1.241240000000000071e-12
1.030460921843687316e+00 1.590730000000000029e-12
1.032064128256513058e+00 1.146199999999999902e-12
1.033667334669338578e+00 1.993529999999999887e-12
1.035270541082164319e+00 1.989529999999999904e-12
1.036873747494990061e+00 1.271880000000000029e-12
1.038476953907815581e+00 1.782580000000000064e-12
1.040080160320641323e+00 1.376240000000000000e-12
1.041683366733466842e+00 2.312829999999999951e-12
1.043286573146292584e+00 1.231909999999999948e-12
1.044889779559118326e+00 1.064929999999999987e-12
1.046492985971943845e+00 2.229789999999999933e-12
1.048096192384769587e+00 1.448630000000000058e-12
1.049699398797595107e+00 1.703529999999999911e-12
1.051302605210420849e+00 1.302519999999999987e-12
1.052905811623246590e+00 1.319400000000000012e-12
1.054509018036072110e+00 2.101890000000000044e-12
1.056112224448897852e+00 1.484150000000000093e-12
1.057715430861723371e+00 1.497919999999999942e-12
1.059318637274549113e+00 1.401550000000000021e-12
1.060921843687374855e+00 1.645799999999999914e-12
1.062525050100200374e+00 1.674219999999999908e-12
1.064128256513026116e+00 1.762599999999999982e-12
1.065731462925851636e+00 1.938019999999999854e-12
1.067334669338677378e+00 1.326059999999999905e-12
1.068937875751502897e+00 1.650240000000000045e-12
1.070541082164328639e+00 9.006159999999999663e-13
1.072144288577154381e+00 1.477489999999999998e-12
1.073747494989979900e+00 8.708620000000000307e-13
1.075350701402805642e+00 1.858530000000000160e-12
1.076953907815631162e+00 1.497919999999999942e-12
1.078557114228456904e+00 2.005080000000000176e-12
1.080160320641282645e+00 1.288309999999999990e-12
1.081763527054108165e+00 1.761709999999999972e-12
1.083366733466933907e+00 1.084919999999999986e-12
1.084969939879759426e+00 2.355460000000000144e-12
1.086573146292585168e+00 1.321169999999999913e-12
1.088176352705410910e+00 1.362469999999999949e-12
1.089779559118236429e+00 1.486819999999999919e-12
1.091382765531062171e+00 1.902489999999999904e-12
1.092985971943887691e+00 2.236890000000000175e-12
1.094589178356713433e+00 8.730829999999999664e-13
1.096192384769539174e+00 1.924250000000000005e-12
1.097795591182364694e+00 1.407330000000000022e-12
1.099398797595190436e+00 2.265759999999999829e-12
1.101002004008015955e+00 1.545439999999999926e-12
1.102605210420841697e+00 1.182620000000000064e-12
1.104208416833667439e+00 2.018399999999999962e-12
1.105811623246492958e+00 1.456179999999999961e-12
1.107414829659318700e+00 2.283519999999999947e-12
1.109018036072144220e+00 7.029970000000000185e-13
1.110621242484969962e+00 1.770150000000000086e-12
1.112224448897795703e+00 1.966880000000000198e-12
1.113827655310621223e+00 1.524119999999999972e-12
1.115430861723446965e+00 1.789239999999999957e-12
1.117034068136272484e+00 9.494699999999999922e-13
1.118637274549098226e+00 2.158290000000000086e-12
1.120240480961923746e+00 1.468169999999999993e-12
1.121843687374749488e+00 9.037249999999999686e-13
1.123446893787575229e+00 2.270200000000000161e-12
1.125050100200400749e+00 1.695540000000000064e-12
1.126653306613226491e+00 9.858850000000000951e-13
1.128256513026052010e+00 2.599270000000000091e-12
1.129859719438877752e+00 1.478819999999999953e-12
1.131462925851703494e+00 9.090540000000000360e-13
1.133066132264529013e+00 2.292399999999999804e-12
1.134669338677354755e+00 1.484150000000000093e-12
1.136272545090180275e+00 1.832330000000000130e-12
1.137875751503006017e+00 1.326500000000000053e-12
1.139478957915831758e+00 1.472160000000000060e-12
1.141082164328657278e+00 1.657789999999999947e-12
1.142685370741483020e+00 1.656459999999999992e-12
1.144288577154308539e+00 1.551210000000000011e-12
1.145891783567134281e+00 9.774469999999999244e-13
1.147494989979959801e+00 2.009520000000000105e-12
1.149098196392785542e+00 1.327830000000000008e-12
1.150701402805611284e+00 2.236890000000000175e-12
1.152304609218436804e+00 1.143089999999999929e-12
1.153907815631262546e+00 1.619600000000000086e-12
1.155511022044088065e+00 1.190169999999999966e-12
1.157114228456913807e+00 1.806119999999999982e-12
1.158717434869739549e+00 1.646689999999999923e-12
1.160320641282565068e+00 1.901159999999999949e-12
1.161923847695390810e+00 1.857190000000000087e-12
1.163527054108216330e+00 1.187499999999999938e-12
1.165130260521042072e+00 2.089450000000000149e-12
1.166733466933867813e+00 8.517669999999999995e-13
1.168336673346693333e+00 2.017070000000000007e-12
1.169939879759519075e+00 1.626710000000000043e-12
1.171543086172344594e+00 2.060140000000000146e-12
1.173146292585170336e+00 1.963329999999999875e-12
1.174749498997996078e+00 1.382459999999999948e-12
1.176352705410821597e+00 1.854530000000000177e-12
1.177955911823647339e+00 8.801879999999999649e-13
1.179559118236472859e+00 1.438859999999999990e-12
1.181162324649298601e+00 1.212370000000000013e-12
1.182765531062124342e+00 2.116989999999999848e-12
1.184368737474949862e+00 1.591620000000000038e-12
1.185971943887775604e+00 1.962439999999999865e-12
1.187575150300601123e+00 1.647579999999999933e-12
1.189178356713426865e+00 1.398889999999999909e-12
1.190781563126252607e+00 1.465499999999999965e-12
1.192384769539078126e+00 1.698650000000000037e-12
1.193987975951903868e+00 1.620490000000000096e-12
1.195591182364729388e+00 1.946460000000000170e-12
1.197194388777555130e+00 1.731509999999999960e-12
1.198797595190380871e+00 1.476160000000000043e-12
1.200400801603206391e+00 1.253670000000000049e-12
1.202004008016032133e+00 1.797239999999999923e-12
1.203607214428857652e+00 1.757270000000000044e-12
1.205210420841683394e+00 1.584519999999999997e-12
1.206813627254509136e+00 2.002410000000000148e-12
1.208416833667334656e+00 1.394889999999999926e-12
1.210020040080160397e+00 1.800790000000000044e-12
1.211623246492985917e+00 1.006309999999999980e-12
1.213226452905811659e+00 1.758599999999999999e-12
1.214829659318637178e+00 1.253229999999999902e-12
1.216432865731462920e+00 2.296840000000000137e-12
1.218036072144288662e+00 1.120890000000000084e-12
1.219639278557114181e+00 1.779470000000000091e-12
1.221242484969939923e+00 1.328720000000000017e-12
1.222845691382765443e+00 1.711530000000000079e-12
1.224448897795591185e+00 1.997969999999999816e-12
1.226052104208416926e+00 1.494370000000000023e-12
1.227655310621242446e+00 1.739950000000000073e-12
1.229258517034068188e+00 1.218589999999999960e-12
1.230861723446893707e+00 2.214690000000000128e-12
1.232464929859719449e+00 1.283870000000000062e-12
1.234068136272544969e+00 1.690209999999999924e-12
1.235671342685370711e+00 1.716860000000000017e-12
1.237274549098196452e+00 1.472160000000000060e-12
1.238877755511021972e+00 1.848759999999999889e-12
1.240480961923847714e+00 1.355369999999999909e-12
1.242084168336673233e+00 1.616489999999999911e-12
1.243687374749498975e+00 2.077909999999999978e-12
1.245290581162324717e+00 4.964949999999999963e-13
1.246893787575150236e+00 2.090789999999999818e-12
1.248496993987975978e+00 1.906489999999999887e-12
1.250100200400801498e+00 6.328310000000000123e-13
1.251703406813627240e+00 1.719960000000000075e-12
1.253306613226452981e+00 2.181820000000000088e-12
1.254909819639278501e+00 1.255890000000000013e-12
1.256513026052104243e+00 1.597839999999999985e-12
1.258116232464929762e+00 9.978749999999999258e-13
1.259719438877755504e+00 2.178719999999999828e-12
1.261322645290581246e+00 1.420650000000000010e-12
1.262925851703406765e+00 1.358480000000000084e-12
1.264529058116232507e+00 1.874069999999999910e-12
1.266132264529058027e+00 1.143539999999999992e-12
1.267735470941883769e+00 2.284849999999999902e-12
1.269338677354709510e+00 1.190169999999999966e-12
1.270941883767535030e+00 1.917150000000000166e-12
1.272545090180360772e+00 1.627149999999999988e-12
1.274148296593186291e+00 2.168499999999999898e-12
1.275751503006012033e+00 1.791459999999999921e-12
1.277354709418837775e+00 7.789360000000000244e-13
1.278957915831663295e+00 2.004630000000000113e-12
1.280561122244489036e+00 1.538780000000000033e-12
1.282164328657314556e+00 2.008630000000000096e-12
1.283767535070140298e+00 5.777640000000000411e-13
1.285370741482966039e+00 1.674219999999999908e-12
1.286973947895791559e+00 1.468169999999999993e-12
1.288577154308617301e+00 2.109439999999999946e-12
1.290180360721442820e+00 1.529890000000000058e-12
1.291783567134268562e+00 1.267880000000000046e-12
1.293386773547094304e+00 1.300300000000000023e-12
1.294989979959919824e+00 1.079590000000000048e-12
1.296593186372745565e+00 1.735060000000000081e-12
1.298196392785571085e+00 1.861640000000000133e-12
1.299799599198396827e+00 1.671999999999999944e-12
1.301402805611222568e+00 1.886950000000000154e-12
1.303006012024048088e+00 7.589519999999999553e-13
1.304609218436873830e+00 1.453509999999999933e-12
1.306212424849699349e+00 7.367469999999999504e-13
1.307815631262525091e+00 1.478819999999999953e-12
1.309418837675350833e+00 1.679550000000000048e-12
1.311022044088176353e+00 1.273209999999999984e-12
1.312625250501001872e+00 2.221350000000000021e-12
1.314228456913827614e+00 1.304739999999999952e-12
1.315831663326653356e+00 2.013960000000000034e-12
1.317434869739478875e+00 1.067149999999999951e-12
1.319038076152304617e+00 1.630699999999999908e-12
1.320641282565130137e+00 1.486370000000000057e-12
1.322244488977955879e+00 2.224459999999999995e-12
1.323847695390781620e+00 1.492590000000000004e-12
1.325450901803607140e+00 1.744829999999999947e-12
1.327054108216432882e+00 6.226170000000000116e-13
1.328657314629258401e+00 2.084569999999999871e-12
1.330260521042084143e+00 1.527229999999999946e-12
1.331863727454909885e+00 2.120980000000000117e-12
1.333466933867735404e+00 7.922590000000000273e-13
1.335070140280561146e+00 1.786129999999999984e-12
1.336673346693386666e+00 1.426420000000000096e-12
1.338276553106212408e+00 2.471810000000000148e-12
1.339879759519038149e+00 1.356259999999999918e-12
1.341482965931863669e+00 1.953120000000000063e-12
1.343086172344689411e+00 1.382010000000000086e-12
1.344689378757514930e+00 1.209260000000000039e-12
1.346292585170340672e+00 1.718629999999999918e-12
1.347895791583166414e+00 2.025499999999999801e-12
1.349498997995991934e+00 1.933129999999999862e-12
1.351102204408817675e+00 1.810110000000000049e-12
1.352705410821643195e+00 1.314070000000000074e-12
1.354308617234468937e+00 1.441960000000000048e-12
1.355911823647294678e+00 1.589849999999999935e-12
1.357515030060120198e+00 1.516570000000000070e-12
1.359118236472945940e+00 2.503340000000000115e-12
1.360721442885771459e+00 1.575190000000000077e-12
1.362324649298597201e+00 1.706640000000000087e-12
1.363927855711422943e+00 1.194610000000000097e-12
1.365531062124248463e+00 1.771919999999999987e-12
1.367134268537074204e+00 2.060140000000000146e-12
1.368737474949899724e+00 1.723519999999999910e-12
1.370340681362725466e+00 1.592069999999999900e-12
1.371943887775551207e+00 6.563670000000000445e-13
1.373547094188376727e+00 2.504230000000000125e-12
1.375150300601202469e+00 1.276759999999999903e-12
1.376753507014027988e+00 1.523229999999999963e-12
1.378356713426853730e+00 1.721740000000000093e-12
1.379959919839679472e+00 1.408209999999999914e-12
1.381563126252504992e+00 1.985089999999999976e-12
1.383166332665330733e+00 1.589849999999999935e-12
1.384769539078156253e+00 1.298970000000000068e-12
1.386372745490981995e+00 2.038380000000000045e-12
1.387975951903807736e+00 8.255650000000000269e-13
1.389579158316633256e+00 1.500580000000000054e-12
1.391182364729458998e+00 2.157840000000000022e-12
1.392785571142284518e+00 8.446610000000000296e-13
1.394388777555110259e+00 1.787910000000000002e-12
1.395991983967936001e+00 1.767480000000000058e-12
1.397595190380761521e+00 1.924250000000000005e-12
1.399198396793587040e+00 1.639140000000000021e-12
1.400801603206412782e+00 6.892299999999999823e-13
1.402404809619238524e+00 2.009520000000000105e-12
1.404008016032064265e+00 1.285200000000000017e-12
1.405611222444889785e+00 2.096560000000000106e-12
1.407214428857715305e+00 1.433530000000000052e-12
1.408817635270541047e+00 1.508129999999999956e-12
1.410420841683366788e+00 9.783349999999999909e-13
1.412024048096192308e+00 1.908709999999999851e-12
1.413627254509018050e+00 1.700419999999999938e-12
1.415230460921843569e+00 1.968219999999999867e-12
1.416833667334669311e+00 1.434860000000000007e-12
1.418436873747495053e+00 1.290090000000000009e-12
1.420040080160320572e+00 1.107570000000000096e-12
1.421643286573146314e+00 2.194699999999999928e-12
1.423246492985971834e+00 1.690209999999999924e-12
1.424849699398797576e+00 2.180940000000000197e-12
1.426452905811623317e+00 1.176840000000000062e-12
1.428056112224448837e+00 1.628479999999999943e-12
1.429659318637274579e+00 1.323839999999999941e-12
1.431262525050100098e+00 2.162279999999999951e-12
1.432865731462925840e+00 1.426869999999999957e-12
1.434468937875751582e+00 2.012180000000000015e-12
1.436072144288577102e+00 1.278539999999999922e-12
1.437675350701402843e+00 1.715519999999999944e-12
1.439278557114228363e+00 1.187499999999999938e-12
1.440881763527054105e+00 2.171169999999999926e-12
1.442484969939879846e+00 1.470389999999999958e-12
1.444088176352705366e+00 1.903819999999999859e-12
1.445691382765531108e+00 1.033850000000000083e-12
1.447294589178356627e+00 1.735950000000000090e-12
1.448897795591182369e+00 1.171069999999999977e-12
1.450501002004008111e+00 1.767039999999999910e-12
1.452104208416833631e+00 1.889170000000000118e-12
1.453707414829659372e+00 1.679999999999999910e-12
1.455310621242484892e+00 2.095230000000000151e-12
1.456913827655310634e+00 9.845529999999999953e-13
1.458517034068136375e+00 1.815890000000000051e-12
1.460120240480961895e+00 8.002519999999999913e-13
1.461723446893787637e+00 2.102329999999999989e-12
1.463326653306613157e+00 1.502800000000000018e-12
1.464929859719438898e+00 1.997079999999999807e-12
1.466533066132264640e+00 1.463280000000000001e-12
1.468136272545090160e+00 1.886500000000000090e-12
1.469739478957915901e+00 9.272650000000000884e-13
1.471342685370741421e+00 2.057479999999999832e-12
1.472945891783567163e+00 1.338939999999999947e-12
1.474549098196392904e+00 2.498019999999999892e-12
1.476152304609218424e+00 1.163960000000000020e-12
1.477755511022044166e+00 2.117879999999999857e-12
1.479358717434869686e+00 1.128879999999999932e-12
1.480961923847695427e+00 2.041490000000000018e-12
1.482565130260521169e+00 1.571639999999999955e-12
1.484168336673346689e+00 1.970439999999999831e-12
1.485771543086172208e+00 9.645690000000000272e-13
1.487374749498997950e+00 1.858080000000000096e-12
1.488977955911823692e+00 1.071590000000000082e-12
1.490581162324649434e+00 1.962439999999999865e-12
1.492184368737474953e+00 1.525449999999999927e-12
1.493787575150300473e+00 2.036160000000000080e-12
1.495390781563126215e+00 2.093010000000000186e-12
1.496993987975951956e+00 1.415760000000000018e-12
1.498597194388777476e+00 9.716739999999999247e-13
1.500200400801603218e+00 1.236350000000000078e-12
1.501803607214428737e+00 1.703529999999999911e-12
1.503406813627254479e+00 1.944680000000000151e-12
1.505010020040080221e+00 1.706640000000000087e-12
1.506613226452905963e+00 1.423759999999999984e-12
1.508216432865731482e+00 1.508129999999999956e-12
1.509819639278557002e+00 1.926469999999999969e-12
1.511422845691382744e+00 1.494809999999999969e-12
1.513026052104208485e+00 1.020970000000000041e-12
1.514629258517034227e+00 1.529890000000000058e-12
1.516232464929859747e+00 1.748829999999999930e-12
1.517835671342685266e+00 1.034290000000000029e-12
1.519438877755511008e+00 1.797239999999999923e-12
1.521042084168336750e+00 1.596510000000000030e-12
1.522645290581162270e+00 1.020080000000000032e-12
1.524248496993988011e+00 1.328280000000000071e-12
1.525851703406813531e+00 1.625369999999999970e-12
1.527454909819639273e+00 1.700419999999999938e-12
1.529058116232465014e+00 8.841850000000000336e-13
1.530661322645290534e+00 1.796349999999999914e-12
1.532264529058116276e+00 1.703089999999999966e-12
1.533867735470941795e+00 9.872169999999999929e-13
1.535470941883767537e+00 1.890500000000000073e-12
1.537074148296593279e+00 1.965549999999999839e-12
1.538677354709418799e+00 1.921140000000000031e-12
1.540280561122244540e+00 1.431750000000000033e-12
1.541883767535070060e+00 2.073470000000000050e-12
1.543486973947895802e+00 1.949120000000000080e-12
1.545090180360721543e+00 1.326500000000000053e-12
1.546693386773547063e+00 1.862080000000000079e-12
1.548296593186372583e+00 2.165839999999999988e-12
1.549899799599198325e+00 1.035619999999999984e-12
1.551503006012024066e+00 1.014309999999999946e-12
1.553106212424849808e+00 1.920700000000000086e-12
1.554709418837675328e+00 1.490370000000000040e-12
1.556312625250500847e+00 1.108900000000000051e-12
1.557915831663326589e+00 1.595180000000000075e-12
1.559519038076152331e+00 1.711530000000000079e-12
1.561122244488978072e+00 1.098679999999999919e-12
1.562725450901803592e+00 1.163960000000000020e-12
1.564328657314629112e+00 1.812780000000000077e-12
1.565931863727454854e+00 1.266990000000000037e-12
1.567535070140280595e+00 1.127549999999999977e-12
1.569138276553106337e+00 1.563649999999999906e-12
1.570741482965931857e+00 1.099569999999999928e-12
1.572344689378757376e+00 1.659119999999999902e-12
1.573947895791583118e+00 1.648020000000000080e-12
1.575551102204408860e+00 1.417979999999999982e-12
1.577154308617234602e+00 2.152070000000000139e-12
1.578757515030060121e+00 1.421089999999999956e-12
1.580360721442885641e+00 2.052149999999999894e-12
1.581963927855711383e+00 1.845199999999999852e-12
1.583567134268537124e+00 1.298970000000000068e-12
1.585170340681362866e+00 1.900720000000000003e-12
1.586773547094188386e+00 2.011740000000000069e-12
1.588376753507013905e+00 1.114229999999999989e-12
1.589979959919839647e+00 1.603610000000000071e-12
1.591583166332665389e+00 1.712860000000000034e-12
1.593186372745491131e+00 1.291419999999999964e-12
1.594789579158316650e+00 1.139100000000000064e-12
1.596392785571142170e+00 1.808780000000000094e-12
1.597995991983967912e+00 1.514349999999999904e-12
1.599599198396793653e+00 6.630289999999999812e-13
1.601202404809619395e+00 1.507690000000000011e-12
1.602805611222444915e+00 1.875849999999999928e-12
1.604408817635270434e+00 1.580520000000000014e-12
1.606012024048096176e+00 1.221699999999999934e-12
1.607615230460921918e+00 1.854970000000000122e-12
1.609218436873747660e+00 2.127650000000000128e-12
1.610821643286573179e+00 1.196379999999999997e-12
1.612424849699398699e+00 1.849649999999999899e-12
1.614028056112224441e+00 2.188490000000000099e-12
1.615631262525050182e+00 1.660459999999999975e-12
1.617234468937875702e+00 1.723070000000000048e-12
1.618837675350701444e+00 2.155620000000000058e-12
1.620440881763526964e+00 1.782139999999999917e-12
1.622044088176352705e+00 1.359359999999999975e-12
1.623647294589178447e+00 2.163169999999999960e-12
1.625250501002003967e+00 1.575639999999999938e-12
1.626853707414829708e+00 1.531670000000000076e-12
1.628456913827655228e+00 2.113429999999999811e-12
1.630060120240480970e+00 1.802570000000000063e-12
1.631663326653306711e+00 1.384230000000000050e-12
1.633266533066132231e+00 2.248440000000000060e-12
1.634869739478957751e+00 1.964659999999999830e-12
1.636472945891783493e+00 1.219479999999999970e-12
1.638076152304609234e+00 2.097450000000000115e-12
1.639679358717434976e+00 2.002859999999999808e-12
1.641282565130260496e+00 1.088910000000000052e-12
1.642885771543086015e+00 1.996639999999999861e-12
1.644488977955911757e+00 1.875849999999999928e-12
1.646092184368737499e+00 1.267880000000000046e-12
1.647695390781563241e+00 2.097450000000000115e-12
1.649298597194388760e+00 1.981100000000000111e-12
1.650901803607214280e+00 1.247899999999999964e-12
1.652505010020040022e+00 1.866520000000000008e-12
1.654108216432865763e+00 1.342040000000000005e-12
1.655711422845691505e+00 1.528559999999999901e-12
1.657314629258517025e+00 8.881820000000000014e-13
1.658917835671342544e+00 2.128980000000000083e-12
1.660521042084168286e+00 1.700870000000000001e-12
1.662124248496994028e+00 1.774139999999999951e-12
1.663727454909819770e+00 1.938459999999999800e-12
1.665330661322645289e+00 1.255890000000000013e-12
1.666933867735470809e+00 1.654679999999999973e-12
1.668537074148296551e+00 8.459930000000000284e-13
1.670140280561122292e+00 1.643140000000000004e-12
1.671743486973948034e+00 1.314070000000000074e-12
1.673346693386773554e+00 1.187499999999999938e-12
1.674949899799599073e+00 1.690650000000000071e-12
1.676553106212424815e+00 1.033850000000000083e-12
1.678156312625250557e+00 1.318949999999999949e-12
1.679759519038076299e+00 1.853640000000000167e-12
1.681362725450901818e+00 9.632359999999999560e-13
1.682965931863727338e+00 1.780800000000000046e-12
1.684569138276553080e+00 1.441519999999999900e-12
1.686172344689378821e+00 1.317619999999999994e-12
1.687775551102204563e+00 2.498019999999999892e-12
1.689378757515030083e+00 1.331829999999999991e-12
1.690981963927855602e+00 2.045929999999999947e-12
1.692585170340681344e+00 6.839010000000000158e-13
1.694188376753507086e+00 1.882060000000000161e-12
1.695791583166332828e+00 1.214589999999999977e-12
1.697394789579158347e+00 2.565520000000000159e-12
1.698997995991983867e+00 1.064039999999999978e-12
1.700601202404809609e+00 1.784360000000000083e-12
1.702204408817635350e+00 1.198160000000000016e-12
1.703807615230460870e+00 2.173829999999999836e-12
1.705410821643286612e+00 1.645359999999999968e-12
1.707014028056112132e+00 1.656899999999999937e-12
1.708617234468937873e+00 1.466829999999999920e-12
1.710220440881763615e+00 1.195499999999999904e-12
1.711823647294589135e+00 1.723519999999999910e-12
1.713426853707414876e+00 2.015729999999999934e-12
1.715030060120240396e+00 1.563200000000000044e-12
1.716633266533066138e+00 1.209260000000000039e-12
1.718236472945891880e+00 1.798570000000000080e-12
1.719839679358717399e+00 1.339820000000000040e-12
1.721442885771542919e+00 2.138749999999999949e-12
1.723046092184368661e+00 1.517460000000000079e-12
1.724649298597194402e+00 1.711080000000000016e-12
1.726252505010020144e+00 1.302080000000000042e-12
1.727855711422845664e+00 1.482819999999999936e-12
1.729458917835671183e+00 1.989529999999999904e-12
1.731062124248496925e+00 9.539110000000000942e-13
1.732665330661322667e+00 2.168499999999999898e-12
1.734268537074148409e+00 1.239899999999999998e-12
1.735871743486973928e+00 2.482920000000000087e-12
1.737474949899799448e+00 1.216809999999999942e-12
1.739078156312625190e+00 1.477940000000000062e-12
1.740681362725450931e+00 9.645690000000000272e-13
1.742284569138276673e+00 2.254209999999999944e-12
1.743887775551102193e+00 1.194160000000000033e-12
1.745490981963927712e+00 1.946460000000000170e-12
1.747094188376753454e+00 1.483709999999999945e-12
1.748697394789579196e+00 1.660899999999999920e-12
1.750300601202404938e+00 2.180940000000000197e-12
1.751903807615230457e+00 1.057380000000000085e-12
1.753507014028055977e+00 1.875399999999999865e-12
1.755110220440881719e+00 9.219359999999999199e-13
1.756713426853707460e+00 2.351469999999999875e-12
1.758316633266533202e+00 1.428640000000000060e-12
1.759919839679358722e+00 2.009960000000000051e-12
1.761523046092184241e+00 7.642810000000000227e-13
1.763126252505009983e+00 1.770590000000000032e-12
1.764729458917835725e+00 1.517460000000000079e-12
1.766332665330661467e+00 2.236890000000000175e-12
1.767935871743486986e+00 1.181279999999999991e-12
1.769539078156312506e+00 1.843429999999999951e-12
1.771142284569138248e+00 9.019490000000000375e-13
1.772745490981963989e+00 1.675109999999999917e-12
1.774348697394789731e+00 1.021860000000000050e-12
1.775951903807615251e+00 2.146299999999999851e-12
1.777555110220440771e+00 1.529009999999999964e-12
1.779158316633266512e+00 1.934019999999999871e-12
1.780761523046092254e+00 1.563200000000000044e-12
1.782364729458917996e+00 1.498809999999999952e-12
1.783967935871743515e+00 1.593840000000000002e-12
1.785571142284569035e+00 1.688879999999999969e-12
1.787174348697394777e+00 1.586739999999999962e-12
1.788777555110220518e+00 1.756380000000000035e-12
1.790380761523046038e+00 2.119650000000000162e-12
1.791983967935871780e+00 1.175959999999999969e-12
1.793587174348697300e+00 1.833210000000000021e-12
1.795190380761523041e+00 1.629369999999999953e-12
1.796793587174348783e+00 1.779470000000000091e-12
1.798396793587174303e+00 2.232449999999999843e-12
1.800000000000000044e+00 1.718189999999999972e-12
