1.000000000000000000e+00 3.241449999999999803e-09
9.797979797979797789e-01 3.315120000000000025e-09
9.595959595959595578e-01 3.352410000000000007e-09
9.393939393939394478e-01 3.453370000000000039e-09
9.191919191919192267e-01 3.296019999999999957e-09
8.989898989898990056e-01 3.704389999999999861e-09
8.787878787878787845e-01 3.099569999999999875e-09
8.585858585858585634e-01 2.905849999999999845e-09
8.383838383838383423e-01 3.444270000000000143e-09
8.181818181818181213e-01 3.507940000000000193e-09
7.979797979797980112e-01 3.432450000000000074e-09
7.777777777777777901e-01 3.526130000000000106e-09
7.575757575757575690e-01 2.887659999999999932e-09
7.373737373737373479e-01 3.257819999999999820e-09
7.171717171717171269e-01 3.252370000000000009e-09
6.969696969696970168e-01 3.238720000000000165e-09
6.767676767676766847e-01 3.195069999999999804e-09
6.565656565656565746e-01 2.944960000000000137e-09
6.363636363636363535e-01 3.074109999999999841e-09
6.161616161616161325e-01 2.711220000000000074e-09
5.959595959595959114e-01 3.163239999999999925e-09
5.757575757575756903e-01 3.085020000000000168e-09
5.555555555555555802e-01 3.399710000000000040e-09
5.353535353535352481e-01 3.044089999999999980e-09
5.151515151515151381e-01 2.998620000000000136e-09
4.949494949494949170e-01 3.003170000000000084e-09
4.747474747474746959e-01 3.414260000000000160e-09
4.545454545454544748e-01 3.238720000000000165e-09
4.343434343434342537e-01 3.023170000000000015e-09
4.141414141414141437e-01 2.857649999999999949e-09
3.939393939393939226e-01 3.328759999999999990e-09
3.737373737373737015e-01 3.317850000000000077e-09
3.535353535353534804e-01 3.036819999999999859e-09
3.333333333333332593e-01 3.156870000000000080e-09
3.131313131313130382e-01 3.406980000000000161e-09
2.929292929292928171e-01 2.510220000000000044e-09
2.727272727272727071e-01 2.780339999999999934e-09
2.525252525252524860e-01 3.145050000000000012e-09
2.323232323232322649e-01 3.211439999999999821e-09
2.121212121212120438e-01 3.675280000000000155e-09
1.919191919191918227e-01 3.646179999999999914e-09
1.717171717171716017e-01 3.205980000000000131e-09
1.515151515151514916e-01 3.231450000000000044e-09
1.313131313131312705e-01 3.589789999999999863e-09
1.111111111111110494e-01 3.093209999999999909e-09
9.090909090909082835e-02 3.337859999999999887e-09
7.070707070707060726e-02 3.507940000000000193e-09
5.050505050505038618e-02 3.828999999999999909e-09
3.030303030303027612e-02 3.135950000000000115e-09
1.010101010101005503e-02 3.100480000000000030e-09
-1.010101010101016605e-02 3.302389999999999801e-09
-3.030303030303049816e-02 3.100480000000000030e-09
-5.050505050505060822e-02 3.219629999999999975e-09
-7.070707070707071829e-02 2.589349999999999956e-09
-9.090909090909105039e-02 3.801719999999999978e-09
-1.111111111111111605e-01 3.232360000000000199e-09
-1.313131313131314926e-01 3.426989999999999971e-09
-1.515151515151516026e-01 3.144139999999999857e-09
-1.717171717171717127e-01 3.261460000000000026e-09
-1.919191919191920448e-01 4.053650000000000369e-09
-2.121212121212121549e-01 3.517029999999999796e-09
-2.323232323232324870e-01 4.739410000000000284e-09
-2.525252525252525970e-01 3.836280000000000322e-09
-2.727272727272729291e-01 3.519759999999999848e-09
-2.929292929292930392e-01 2.625730000000000196e-09
-3.131313131313131493e-01 3.517029999999999796e-09
-3.333333333333334814e-01 4.328310000000000328e-09
-3.535353535353535914e-01 3.535220000000000123e-09
-3.737373737373739235e-01 3.477919999999999918e-09
-3.939393939393940336e-01 3.429720000000000022e-09
-4.141414141414143657e-01 3.433359999999999815e-09
-4.343434343434344758e-01 2.451099999999999942e-09
-4.545454545454545858e-01 2.918580000000000069e-09
-4.747474747474749179e-01 2.887659999999999932e-09
-4.949494949494950280e-01 3.310570000000000077e-09
-5.151515151515153601e-01 2.391990000000000133e-09
-5.353535353535354702e-01 3.307849999999999904e-09
-5.555555555555555802e-01 3.010440000000000205e-09
-5.757575757575759123e-01 3.006799999999999998e-09
-5.959595959595960224e-01 3.422440000000000023e-09
-6.161616161616163545e-01 3.227809999999999838e-09
-6.363636363636364646e-01 3.172329999999999942e-09
-6.565656565656567967e-01 3.065920000000000100e-09
-6.767676767676769067e-01 3.337859999999999887e-09
-6.969696969696970168e-01 3.537040000000000020e-09
-7.171717171717173489e-01 3.738960000000000083e-09
-7.373737373737374590e-01 3.190519999999999856e-09
-7.575757575757577911e-01 2.833090000000000191e-09
-7.777777777777779011e-01 3.193249999999999907e-09
-7.979797979797982332e-01 2.894030000000000190e-09
-8.181818181818183433e-01 3.192340000000000166e-09
-8.383838383838384534e-01 3.472459999999999815e-09
-8.585858585858587855e-01 2.969510000000000016e-09
-8.787878787878788955e-01 3.247820000000000061e-09
-8.989898989898992276e-01 3.042270000000000083e-09
-9.191919191919193377e-01 3.067739999999999996e-09
-9.393939393939394478e-01 3.224170000000000044e-09
-9.595959595959597799e-01 3.281469999999999836e-09
-9.797979797979798899e-01 3.088659999999999961e-09
-1.000000000000000000e+00 3.587059999999999812e-09
