-1.000000000000000000e+00 2.823090000000000019e-09
-9.797979797979797789e-01 2.863100000000000174e-09
-9.595959595959595578e-01 3.055010000000000186e-09
-9.393939393939394478e-01 3.013169999999999843e-09
-9.191919191919192267e-01 2.828539999999999830e-09
-8.989898989898990056e-01 2.802170000000000054e-09
-8.787878787878787845e-01 3.017720000000000204e-09
-8.585858585858585634e-01 2.934039999999999931e-09
-8.383838383838383423e-01 2.805809999999999847e-09
-8.181818181818181213e-01 2.965880000000000102e-09
-7.979797979797980112e-01 3.219629999999999975e-09
-7.777777777777777901e-01 2.881290000000000087e-09
-7.575757575757575690e-01 3.003170000000000084e-09
-7.373737373737373479e-01 3.061370000000000152e-09
-7.171717171717171269e-01 2.882199999999999828e-09
-6.969696969696970168e-01 3.053189999999999876e-09
-6.767676767676766847e-01 3.118669999999999944e-09
-6.565656565656565746e-01 2.963150000000000050e-09
-6.363636363636363535e-01 3.003170000000000084e-09
-6.161616161616161325e-01 3.251459999999999854e-09
-5.959595959595959114e-01 3.077740000000000169e-09
-5.757575757575756903e-01 2.621179999999999834e-09
-5.555555555555555802e-01 2.810349999999999916e-09
-5.353535353535352481e-01 3.013169999999999843e-09
-5.151515151515151381e-01 2.816720000000000175e-09
-4.949494949494949170e-01 2.703029999999999919e-09
-4.747474747474746959e-01 2.515680000000000147e-09
-4.545454545454544748e-01 2.837640000000000140e-09
-4.343434343434342537e-01 2.818540000000000071e-09
-4.141414141414141437e-01 2.631180000000000007e-09
-3.939393939393939226e-01 2.569340000000000146e-09
-3.737373737373737015e-01 3.033180000000000066e-09
-3.535353535353534804e-01 2.960419999999999999e-09
-3.333333333333332593e-01 2.815810000000000019e-09
-3.131313131313130382e-01 2.779430000000000193e-09
-2.929292929292928171e-01 3.024989999999999911e-09
-2.727272727272727071e-01 3.244179999999999854e-09
-2.525252525252524860e-01 3.033180000000000066e-09
-2.323232323232322649e-01 2.853100000000000001e-09
-2.121212121212120438e-01 3.096839999999999823e-09
-1.919191919191918227e-01 3.130490000000000012e-09
-1.717171717171716017e-01 3.162330000000000184e-09
-1.515151515151514916e-01 3.162330000000000184e-09
-1.313131313131312705e-01 2.855830000000000053e-09
-1.111111111111110494e-01 2.934950000000000086e-09
-9.090909090909082835e-02 3.030450000000000014e-09
-7.070707070707060726e-02 2.987699999999999929e-09
-5.050505050505038618e-02 2.912220000000000103e-09
-3.030303030303027612e-02 2.993160000000000033e-09
-1.010101010101005503e-02 2.885840000000000035e-09
1.010101010101016605e-02 2.833999999999999933e-09
3.030303030303049816e-02 3.153229999999999874e-09
5.050505050505060822e-02 3.115939999999999892e-09
7.070707070707071829e-02 2.502029999999999889e-09
9.090909090909105039e-02 2.897660000000000104e-09
1.111111111111111605e-01 3.053189999999999876e-09
1.313131313131314926e-01 2.817629999999999916e-09
1.515151515151516026e-01 2.643920000000000110e-09
1.717171717171717127e-01 2.642099999999999799e-09
1.919191919191920448e-01 2.933130000000000189e-09
2.121212121212121549e-01 2.884020000000000139e-09
2.323232323232324870e-01 2.795799999999999796e-09
2.525252525252525970e-01 2.845820000000000002e-09
2.727272727272729291e-01 3.034089999999999808e-09
2.929292929292930392e-01 2.663009999999999885e-09
3.131313131313131493e-01 2.666650000000000092e-09
3.333333333333334814e-01 3.216899999999999924e-09
3.535353535353535914e-01 3.084110000000000013e-09
3.737373737373739235e-01 2.887659999999999932e-09
3.939393939393940336e-01 2.875839999999999863e-09
4.141414141414143657e-01 2.963150000000000050e-09
4.343434343434344758e-01 2.842190000000000088e-09
4.545454545454545858e-01 2.877660000000000173e-09
4.747474747474749179e-01 2.730320000000000142e-09
4.949494949494950280e-01 2.790340000000000106e-09
5.151515151515153601e-01 3.080469999999999807e-09
5.353535353535354702e-01 3.067739999999999996e-09
5.555555555555555802e-01 3.222350000000000148e-09
5.757575757575759123e-01 3.197799999999999855e-09
5.959595959595960224e-01 2.835819999999999829e-09
6.161616161616163545e-01 3.225080000000000200e-09
6.363636363636364646e-01 3.110490000000000081e-09
6.565656565656567967e-01 2.964060000000000205e-09
6.767676767676769067e-01 3.265099999999999819e-09
6.969696969696970168e-01 3.170510000000000046e-09
7.171717171717173489e-01 3.107760000000000030e-09
7.373737373737374590e-01 3.335129999999999835e-09
7.575757575757577911e-01 3.145960000000000167e-09
7.777777777777779011e-01 2.944960000000000137e-09
7.979797979797982332e-01 3.030450000000000014e-09
8.181818181818183433e-01 3.019540000000000101e-09
8.383838383838384534e-01 2.909490000000000052e-09
8.585858585858587855e-01 3.004980000000000101e-09
8.787878787878788955e-01 2.848550000000000053e-09
8.989898989898992276e-01 2.673019999999999937e-09
9.191919191919193377e-01 2.854010000000000156e-09
9.393939393939394478e-01 3.035910000000000118e-09
9.595959595959597799e-01 3.033180000000000066e-09
9.797979797979798899e-01 2.910400000000000207e-09
1.000000000000000000e+00 3.156870000000000080e-09
