-1.000000000000000056e-01 8.810760000000000314e-13
-9.959919839679359788e-02 1.025849999999999915e-12
-9.919839679358717632e-02 5.444569999999999690e-13
-9.879759519038076865e-02 3.046470000000000044e-13
-9.839679358717436097e-02 8.686419999999999655e-13
-9.799599198396793942e-02 8.562070000000000291e-13
-9.759519038076153175e-02 2.984300000000000219e-13
-9.719438877755511019e-02 7.114340000000000158e-13
-9.679358717434870252e-02 1.070259999999999925e-12
-9.639278557114229484e-02 6.457090000000000106e-13
-9.599198396793587329e-02 2.140520000000000001e-13
-9.559118236472946561e-02 8.411079999999999941e-13
-9.519038076152305794e-02 1.085359999999999931e-12
-9.478957915831663639e-02 7.114340000000000158e-13
-9.438877755511022871e-02 2.451389999999999817e-13
-9.398797595190380716e-02 8.357790000000000276e-13
-9.358717434869739948e-02 1.100459999999999938e-12
-9.318637274549099181e-02 6.066290000000000398e-13
-9.278557114228457026e-02 1.012530000000000003e-13
-9.238476953907816258e-02 6.972240000000000188e-13
-9.198396793587175491e-02 1.106680000000000087e-12
-9.158316633266533335e-02 7.851529999999999564e-13
-9.118236472945892568e-02 3.952410000000000119e-13
-9.078156312625251800e-02 8.686419999999999655e-13
-9.038076152304609645e-02 1.015190000000000039e-12
-8.997995991983968878e-02 6.075179999999999767e-13
-8.957915831663326722e-02 3.863590000000000100e-13
-8.917835671342685955e-02 9.547989999999999587e-13
-8.877755511022045187e-02 1.127110000000000031e-12
-8.837675350701403032e-02 4.352089999999999987e-13
-8.797595190380762264e-02 4.112280000000000124e-13
-8.757515030060120109e-02 6.767950000000000459e-13
-8.717434869739479342e-02 9.325940000000000549e-13
-8.677354709418838574e-02 6.519260000000000435e-13
-8.637274549098196419e-02 3.517199999999999897e-13
-8.597194388777555651e-02 9.059450000000000338e-13
-8.557114228456914884e-02 1.080920000000000003e-12
-8.517034068136272729e-02 7.620609999999999575e-13
-8.476953907815631961e-02 2.051699999999999982e-13
-8.436873747494991194e-02 6.092940000000000087e-13
-8.396793587174349038e-02 1.175069999999999960e-12
-8.356713426853708271e-02 1.226580000000000010e-12
-8.316633266533066116e-02 5.444569999999999690e-13
-8.276553106212425348e-02 3.552730000000000251e-13
-8.236472945891784581e-02 1.006309999999999980e-12
-8.196392785571142425e-02 1.004540000000000080e-12
-8.156312625250501658e-02 2.922120000000000175e-13
-8.116232464929859503e-02 5.337990000000000361e-13
-8.076152304609218735e-02 1.046280000000000061e-12
-8.036072144288577968e-02 7.904820000000000239e-13
-7.995991983967937200e-02 1.607610000000000104e-13
-7.955911823647295045e-02 5.924179999999999704e-13
-7.915831663326654277e-02 1.053390000000000018e-12
-7.875751503006012122e-02 8.197920000000000272e-13
-7.835671342685371354e-02 1.012530000000000003e-13
-7.795591182364730587e-02 7.469620000000000235e-13
-7.755511022044088432e-02 9.432519999999999878e-13
-7.715430861723447664e-02 7.114340000000000158e-13
-7.675350701402805509e-02 1.563200000000000094e-13
-7.635270541082164741e-02 7.265329999999999497e-13
-7.595190380761523974e-02 9.725619999999999912e-13
-7.555110220440881819e-02 4.529730000000000026e-13
-7.515030060120241051e-02 5.382400000000000370e-13
-7.474949899799598896e-02 1.030290000000000046e-12
-7.434869739478958128e-02 7.878180000000000263e-13
-7.394789579158317361e-02 3.561609999999999906e-13
-7.354709418837676593e-02 8.197920000000000272e-13
-7.314629258517034438e-02 1.100459999999999938e-12
-7.274549098196393671e-02 5.764309999999999699e-13
-7.234468937875751515e-02 2.931010000000000049e-13
-7.194388777555110748e-02 1.041839999999999931e-12
-7.154308617234469980e-02 8.757469999999999640e-13
-7.114228456913827825e-02 1.003649999999999969e-13
-7.074148296593187057e-02 5.533389999999999710e-13
-7.034068136272544902e-02 9.396999999999999238e-13
-6.993987975951904135e-02 6.945590000000000498e-13
-6.953907815631263367e-02 2.593500000000000006e-13
-6.913827655310622600e-02 8.935109999999999678e-13
-6.873747494989980444e-02 1.052500000000000009e-12
-6.833667334669338289e-02 3.987939999999999969e-13
-6.793587174348697522e-02 7.522909999999999900e-13
-6.753507014028056754e-02 1.085359999999999931e-12
-6.713426853707415987e-02 8.597599999999999635e-13
-6.673346693386773831e-02 1.039169999999999979e-13
-6.633266533066133064e-02 9.334819999999999194e-13
-6.593186372745490909e-02 1.095130000000000000e-12
-6.553106212424850141e-02 6.608080000000000455e-13
-6.513026052104209374e-02 4.565269999999999590e-13
-6.472945891783568606e-02 1.229250000000000038e-12
-6.432865731462926451e-02 1.050719999999999990e-12
-6.392785571142284295e-02 1.945119999999999895e-13
-6.352705410821643528e-02 5.755430000000000044e-13
-6.312625250501002760e-02 1.061380000000000068e-12
-6.272545090180361993e-02 7.824889999999999589e-13
-6.232464929859719838e-02 2.708960000000000000e-13
-6.192384769539078376e-02 7.220930000000000211e-13
-6.152304609218437609e-02 1.081810000000000012e-12
-6.112224448897796147e-02 7.185399999999999857e-13
-6.072144288577154686e-02 1.847419999999999968e-13
-6.032064128256513919e-02 9.130539999999999180e-13
-5.991983967935872457e-02 1.063160000000000086e-12
-5.951903807615230996e-02 1.980649999999999997e-13
-5.911823647294589534e-02 6.430450000000000130e-13
-5.871743486973948767e-02 9.459169999999999568e-13
-5.831663326653307305e-02 7.300859999999999852e-13
-5.791583166332665844e-02 1.971760000000000123e-13
-5.751503006012024383e-02 9.370349999999999549e-13
-5.711422845691383615e-02 1.032960000000000074e-12
-5.671342685370742154e-02 5.950830000000000403e-13
-5.631262525050100692e-02 4.805079999999999959e-13
-5.591182364729459231e-02 1.071149999999999934e-12
-5.551102204408818463e-02 6.004120000000000068e-13
-5.511022044088177002e-02 1.394449999999999930e-13
-5.470941883767535541e-02 7.602839999999999540e-13
-5.430861723446894079e-02 1.009870000000000018e-12
-5.390781563126253312e-02 3.872479999999999974e-13
-5.350701402805611850e-02 5.870890000000000039e-13
-5.310621242484970389e-02 1.022299999999999996e-12
-5.270541082164328928e-02 8.322269999999999636e-13
-5.230460921843688160e-02 2.691200000000000185e-13
-5.190380761523046699e-02 7.140989999999999847e-13
-5.150300601202405237e-02 8.517669999999999995e-13
-5.110220440881763776e-02 5.462330000000000011e-13
-5.070140280561123008e-02 3.881360000000000134e-13
-5.030060120240481547e-02 1.070259999999999925e-12
-4.989979959919840086e-02 7.860410000000000229e-13
-4.949899799599198624e-02 2.167159999999999977e-13
-4.909819639278557857e-02 6.030769999999999757e-13
-4.869739478957916395e-02 9.805559999999999266e-13
-4.829659318637274934e-02 3.534969999999999931e-13
-4.789579158316634167e-02 5.471209999999999666e-13
-4.749498997995992705e-02 1.048060000000000080e-12
-4.709418837675351244e-02 6.110700000000000407e-13
-4.669338677354709782e-02 3.090880000000000053e-13
-4.629258517034069015e-02 7.451850000000000201e-13
-4.589178356713427553e-02 9.725619999999999912e-13
-4.549098196392786092e-02 1.270100000000000061e-13
-4.509018036072144631e-02 6.927830000000000178e-13
-4.468937875751503863e-02 1.055159999999999919e-12
-4.428857715430862402e-02 5.062649999999999638e-13
-4.388777555110220940e-02 3.979059999999999809e-13
-4.348697394789579479e-02 9.867729999999999596e-13
-4.308617234468938711e-02 1.005419999999999971e-12
-4.268537074148297250e-02 2.744489999999999850e-13
-4.228456913827655789e-02 6.155110000000000417e-13
-4.188376753507014327e-02 9.965430000000000280e-13
-4.148296593186373560e-02 7.345269999999999861e-13
-4.108216432865732098e-02 1.421089999999999905e-13
-4.068136272545090637e-02 7.736069999999999569e-13
-4.028056112224449176e-02 1.065819999999999996e-12
-3.987975951903808408e-02 5.453450000000000355e-13
-3.947895791583166947e-02 5.977480000000000092e-13
-3.907815631262525485e-02 9.485809999999999543e-13
-3.867735470941884024e-02 7.807119999999999554e-13
-3.827655310621243256e-02 1.900709999999999885e-13
-3.787575150300601795e-02 5.639970000000000049e-13
-3.747494989979960334e-02 1.008980000000000008e-12
-3.707414829659319566e-02 8.153510000000000262e-13
-3.667334669338677411e-02 1.154640000000000003e-14
-3.627254509018036643e-02 9.130539999999999180e-13
-3.587174348697395876e-02 1.051609999999999999e-12
-3.547094188376753721e-02 5.337990000000000361e-13
-3.507014028056112953e-02 3.606019999999999916e-13
-3.466933867735472186e-02 6.847889999999999814e-13
-3.426853707414830030e-02 6.172869999999999727e-13
-3.386773547094189263e-02 3.668190000000000246e-13
-3.346693386773547108e-02 4.751790000000000294e-13
-3.306613226452906340e-02 9.441410000000000257e-13
-3.266533066132265573e-02 8.295619999999999947e-13
-3.226452905811623417e-02 1.971760000000000123e-13
-3.186372745490982650e-02 8.260089999999999592e-13
-3.146292585170341882e-02 9.778909999999999577e-13
-3.106212424849699727e-02 4.316560000000000138e-13
-3.066132264529058959e-02 4.867250000000000288e-13
-3.026052104208416804e-02 1.038290000000000012e-12
-2.985971943887776037e-02 8.473259999999999985e-13
-2.945891783567135269e-02 2.291519999999999812e-13
-2.905811623246493114e-02 6.386040000000000121e-13
-2.865731462925852346e-02 9.716739999999999247e-13
-2.825651302605211579e-02 7.940349999999999583e-13
-2.785571142284569424e-02 3.996820000000000129e-14
-2.745490981963928656e-02 9.539110000000000942e-13
-2.705410821643286501e-02 1.140430000000000019e-12
-2.665330661322645733e-02 7.185399999999999857e-13
-2.625250501002004966e-02 3.552730000000000251e-13
-2.585170340681362811e-02 1.004540000000000080e-12
-2.545090180360722043e-02 9.965430000000000280e-13
-2.505010020040081276e-02 2.762250000000000170e-13
-2.464929859719439120e-02 6.705780000000000129e-13
-2.424849699398798353e-02 1.031180000000000055e-12
-2.384769539078156197e-02 7.691659999999999560e-13
-2.344689378757515430e-02 2.229340000000000021e-13
-2.304609218436874662e-02 5.853129999999999719e-13
-2.264529058116232507e-02 1.195499999999999904e-12
-2.224448897795591740e-02 8.935109999999999678e-13
-2.184368737474950972e-02 2.691200000000000185e-13
-2.144288577154308817e-02 5.977480000000000092e-13
-2.104208416833668049e-02 1.124440000000000003e-12
-2.064128256513027282e-02 7.407440000000000191e-13
-2.024048096192385127e-02 2.033939999999999914e-13
-1.983967935871744359e-02 9.796680000000000621e-13
-1.943887775551102204e-02 1.156420000000000034e-12
-1.903807615230461436e-02 6.767950000000000459e-13
-1.863727454909820669e-02 3.694839999999999935e-13
-1.823647294589178514e-02 9.485809999999999543e-13
-1.783567134268537746e-02 1.208820000000000094e-12
-1.743486973947896979e-02 5.764309999999999699e-13
-1.703406813627254823e-02 3.543850000000000091e-13
-1.663326653306614056e-02 9.992079999999999970e-13
-1.623246492985971901e-02 9.636809999999999607e-13
-1.583166332665331133e-02 6.368270000000000086e-13
-1.543086172344690365e-02 3.970169999999999935e-13
-1.503006012024048210e-02 8.943990000000000343e-13
-1.462925851703407443e-02 1.173289999999999941e-12
-1.422845691382766675e-02 8.135749999999999942e-13
-1.382765531062124520e-02 2.504679999999999986e-13
-1.342685370741483752e-02 7.798239999999999899e-13
-1.302605210420841597e-02 1.029409999999999953e-12
-1.262525050100200830e-02 5.835370000000000408e-13
-1.222444889779560062e-02 3.694839999999999935e-13
-1.182364729458917907e-02 1.119110000000000065e-12
-1.142284569138277139e-02 1.120000000000000074e-12
-1.102204408817636372e-02 4.707380000000000284e-13
-1.062124248496994217e-02 3.934649999999999799e-13
-1.022044088176353449e-02 1.137759999999999991e-12
-9.819639278557126816e-03 1.068490000000000024e-12
-9.418837675350705263e-03 4.956070000000000308e-13
-9.018036072144297588e-03 3.108639999999999869e-13
-8.617234468937876035e-03 9.610159999999999917e-13
-8.216432865731468360e-03 1.090690000000000071e-12
-7.815631262525060685e-03 6.332750000000000456e-13
-7.414829659318639132e-03 2.913240000000000015e-13
-7.014028056112231457e-03 9.246010000000000908e-13
-6.613226452905823782e-03 1.115559999999999944e-12
-6.212424849699402229e-03 6.057409999999999733e-13
-5.811623246492994554e-03 2.087230000000000084e-13
-5.410821643286573002e-03 8.917350000000000368e-13
-5.010020040080165327e-03 1.110230000000000006e-12
-4.609218436873757652e-03 8.757469999999999640e-13
-4.208416833667336099e-03 2.131640000000000094e-13
-3.807615230460928424e-03 7.132110000000000192e-13
-3.406813627254520749e-03 1.105790000000000077e-12
-3.006012024048099196e-03 7.967000000000000283e-13
-2.605210420841691521e-03 1.367799999999999988e-13
-2.204408817635269968e-03 7.087700000000000182e-13
-1.803607214428862293e-03 1.215919999999999932e-12
-1.402805611222454618e-03 1.008980000000000008e-12
-1.002004008016033065e-03 5.284699999999999686e-13
-6.012024048096253903e-04 3.534969999999999931e-13
-2.004008016032177153e-04 9.601279999999999252e-13
2.004008016032038375e-04 1.172399999999999932e-12
6.012024048096115125e-04 8.171280000000000297e-13
1.002004008016033065e-03 2.744489999999999850e-13
1.402805611222440740e-03 9.032810000000000363e-13
1.803607214428848415e-03 1.010749999999999909e-12
2.204408817635269968e-03 6.412680000000000096e-13
2.605210420841677643e-03 1.927360000000000079e-13
3.006012024048085318e-03 1.012529999999999928e-12
3.406813627254506871e-03 1.172399999999999932e-12
3.807615230460914546e-03 9.592400000000000607e-13
4.208416833667322221e-03 2.895480000000000199e-13
4.609218436873743774e-03 6.998880000000000163e-13
5.010020040080151449e-03 1.111120000000000015e-12
5.410821643286573002e-03 1.044500000000000043e-12
5.811623246492980677e-03 5.391280000000000025e-13
6.212424849699388352e-03 3.579379999999999941e-13
6.613226452905809905e-03 7.425210000000000225e-13
7.014028056112217580e-03 1.041839999999999931e-12
7.414829659318625255e-03 1.055159999999999919e-12
7.815631262525046807e-03 5.480100000000000045e-13
8.216432865731454482e-03 6.386040000000000121e-13
8.617234468937876035e-03 1.245229999999999936e-12
9.018036072144283710e-03 1.221250000000000072e-12
9.418837675350691385e-03 7.958109999999999903e-13
9.819639278557112938e-03 3.854709999999999940e-13
1.022044088176352061e-02 7.069930000000000148e-13
1.062124248496992829e-02 1.132430000000000053e-12
1.102204408817634984e-02 1.180400000000000100e-12
1.142284569138275752e-02 8.242330000000000282e-13
1.182364729458917907e-02 5.062649999999999638e-13
1.222444889779558674e-02 7.691659999999999560e-13
1.262525050100199442e-02 1.111120000000000015e-12
1.302605210420841597e-02 9.752269999999999601e-13
1.342685370741482365e-02 5.888660000000000073e-13
1.382765531062123132e-02 4.076759999999999988e-13
1.422845691382765287e-02 1.049829999999999981e-12
1.462925851703406055e-02 1.010749999999999909e-12
1.503006012024048210e-02 5.808719999999999709e-13
1.543086172344688978e-02 3.010940000000000194e-13
1.583166332665329745e-02 9.192719999999999224e-13
1.623246492985971901e-02 1.148420000000000068e-12
1.663326653306612668e-02 1.066710000000000006e-12
1.703406813627253436e-02 5.426799999999999656e-13
1.743486973947895591e-02 4.591920000000000289e-13
1.783567134268536358e-02 9.965430000000000280e-13
1.823647294589177126e-02 1.221250000000000072e-12
1.863727454909819281e-02 8.011399999999999568e-13
1.903807615230460049e-02 3.606019999999999916e-13
1.943887775551102204e-02 8.091339999999999933e-13
1.983967935871742971e-02 1.214150000000000032e-12
2.024048096192383739e-02 1.068490000000000024e-12
2.064128256513025894e-02 4.849489999999999968e-13
2.104208416833666662e-02 4.147809999999999973e-13
2.144288577154307429e-02 9.805559999999999266e-13
2.184368737474949584e-02 1.082700000000000021e-12
2.224448897795590352e-02 7.309739999999999507e-13
2.264529058116232507e-02 1.882950000000000070e-13
2.304609218436873275e-02 7.949230000000000248e-13
2.344689378757514042e-02 1.007199999999999990e-12
2.384769539078156197e-02 8.455489999999999951e-13
2.424849699398796965e-02 3.179700000000000073e-13
2.464929859719437732e-02 6.501500000000000115e-13
2.505010020040079888e-02 1.120890000000000084e-12
2.545090180360720655e-02 1.064039999999999978e-12
2.585170340681361423e-02 3.623789999999999950e-13
2.625250501002002190e-02 6.759069999999999794e-13
2.665330661322645733e-02 1.140430000000000019e-12
2.705410821643286501e-02 1.025849999999999915e-12
2.745490981963927268e-02 3.783659999999999955e-13
2.785571142284568036e-02 6.021880000000000388e-13
2.825651302605208803e-02 1.107570000000000096e-12
2.865731462925852346e-02 1.142199999999999919e-12
2.905811623246493114e-02 5.018239999999999628e-13
2.945891783567133881e-02 5.497860000000000365e-13
2.985971943887774649e-02 9.921019999999999261e-13
3.026052104208415416e-02 1.078260000000000093e-12
3.066132264529056184e-02 6.794600000000000149e-13
3.106212424849699727e-02 1.927360000000000079e-13
3.146292585170340494e-02 8.588719999999999980e-13
3.186372745490981262e-02 1.092470000000000090e-12
3.226452905811622029e-02 7.167629999999999822e-13
3.266533066132262797e-02 3.339570000000000077e-13
3.306613226452906340e-02 8.482139999999999641e-13
3.346693386773547108e-02 1.206150000000000066e-12
3.386773547094187875e-02 1.159079999999999944e-12
3.426853707414828643e-02 5.506740000000000020e-13
3.466933867735469410e-02 4.503079999999999832e-13
3.507014028056112953e-02 9.539110000000000942e-13
3.547094188376753721e-02 1.164410000000000084e-12
3.587174348697394488e-02 7.425210000000000225e-13
3.627254509018035256e-02 2.522439999999999802e-13
3.667334669338676023e-02 9.166069999999999534e-13
3.707414829659316791e-02 1.290529999999999955e-12
3.747494989979960334e-02 7.816000000000000219e-13
3.787575150300601101e-02 4.698499999999999619e-13
3.827655310621241869e-02 6.927830000000000178e-13
3.867735470941882636e-02 1.036509999999999993e-12
3.907815631262523404e-02 1.079139999999999984e-12
3.947895791583166947e-02 5.604439999999999695e-13
3.987975951903807714e-02 4.556389999999999935e-13
4.028056112224448482e-02 1.096020000000000009e-12
4.068136272545089249e-02 1.063160000000000086e-12
4.108216432865730017e-02 6.075179999999999767e-13
4.148296593186370784e-02 3.206340000000000048e-13
4.188376753507014327e-02 8.633129999999999990e-13
4.228456913827655095e-02 1.265660000000000082e-12
4.268537074148295862e-02 9.468050000000000233e-13
4.308617234468936630e-02 4.254389999999999808e-13
4.348697394789577397e-02 4.938309999999999988e-13
4.388777555110220940e-02 1.231909999999999948e-12
4.428857715430861708e-02 1.129769999999999941e-12
4.468937875751502475e-02 5.107059999999999647e-13
4.509018036072143243e-02 3.712599999999999751e-13
4.549098196392784010e-02 9.174950000000000199e-13
4.589178356713427553e-02 1.308290000000000073e-12
4.629258517034068321e-02 9.645690000000000272e-13
4.669338677354709088e-02 1.438859999999999940e-13
4.709418837675349856e-02 7.753829999999999889e-13
4.749498997995990623e-02 1.113779999999999925e-12
4.789579158316631391e-02 8.713059999999999630e-13
4.829659318637274934e-02 4.352089999999999987e-13
4.869739478957915702e-02 5.924179999999999704e-13
4.909819639278556469e-02 1.186609999999999929e-12
4.949899799599197237e-02 1.080029999999999993e-12
4.989979959919838004e-02 5.666610000000000025e-13
5.030060120240481547e-02 2.646790000000000175e-13
5.070140280561122315e-02 9.929899999999999926e-13
5.110220440881763082e-02 1.184840000000000028e-12
5.150300601202403850e-02 7.487379999999999545e-13
5.190380761523044617e-02 2.140520000000000001e-13
5.230460921843688160e-02 8.197920000000000272e-13
5.270541082164328928e-02 1.343820000000000023e-12
5.310621242484969695e-02 1.220360000000000063e-12
5.350701402805610463e-02 6.226170000000000116e-13
5.390781563126251230e-02 3.579379999999999941e-13
5.430861723446891998e-02 9.263770000000000219e-13
5.470941883767535541e-02 1.007199999999999990e-12
5.511022044088176308e-02 8.508779999999999616e-13
5.551102204408817076e-02 4.014579999999999944e-13
5.591182364729457843e-02 5.302460000000000006e-13
5.631262525050098611e-02 1.215919999999999932e-12
5.671342685370742154e-02 1.068490000000000024e-12
5.711422845691382921e-02 7.380800000000000216e-13
5.751503006012023689e-02 2.424740000000000127e-13
5.791583166332664456e-02 6.998880000000000163e-13
5.831663326653305224e-02 9.858850000000000951e-13
5.871743486973945991e-02 8.588719999999999980e-13
5.911823647294589534e-02 2.096109999999999992e-13
5.951903807615230302e-02 6.874539999999999503e-13
5.991983967935871069e-02 1.014309999999999946e-12
6.032064128256511837e-02 7.878180000000000263e-13
6.072144288577152604e-02 3.081999999999999893e-13
6.112224448897796147e-02 8.242330000000000282e-13
6.152304609218436915e-02 1.072039999999999944e-12
6.192384769539077682e-02 8.837410000000000004e-13
6.232464929859718450e-02 3.055350000000000204e-13
6.272545090180359217e-02 6.483739999999999795e-13
6.312625250501002760e-02 1.053390000000000018e-12
6.352705410821643528e-02 1.137759999999999991e-12
6.392785571142284295e-02 6.128470000000000442e-13
6.432865731462925063e-02 3.579379999999999941e-13
6.472945891783565830e-02 7.949230000000000248e-13
6.513026052104206598e-02 1.313620000000000011e-12
6.553106212424850141e-02 7.807119999999999554e-13
6.593186372745490909e-02 2.406979999999999807e-13
6.633266533066131676e-02 8.144629999999999597e-13
6.673346693386772444e-02 1.127110000000000031e-12
6.713426853707413211e-02 7.531789999999999555e-13
6.753507014028056754e-02 2.575729999999999971e-13
6.793587174348697522e-02 9.734500000000000577e-13
6.833667334669338289e-02 1.087139999999999950e-12
6.873747494989979057e-02 6.759069999999999794e-13
6.913827655310619824e-02 3.463910000000000232e-13
6.953907815631260592e-02 7.025529999999999852e-13
6.993987975951904135e-02 1.004540000000000080e-12
7.034068136272544902e-02 9.734500000000000577e-13
7.074148296593185670e-02 3.153049999999999878e-13
7.114228456913826437e-02 5.311339999999999661e-13
7.154308617234467205e-02 1.057829999999999947e-12
7.194388777555110748e-02 9.885500000000000640e-13
7.234468937875751515e-02 3.348450000000000237e-13
7.274549098196392283e-02 5.817600000000000374e-13
7.314629258517033050e-02 9.246010000000000908e-13
7.354709418837673818e-02 9.858850000000000951e-13
7.394789579158317361e-02 3.934649999999999799e-13
7.434869739478958128e-02 6.004120000000000068e-13
7.474949899799598896e-02 1.115559999999999944e-12
7.515030060120239663e-02 1.034729999999999974e-12
7.555110220440880431e-02 4.289920000000000162e-13
7.595190380761521198e-02 4.751790000000000294e-13
7.635270541082164741e-02 1.026739999999999925e-12
7.675350701402805509e-02 9.512459999999999233e-13
7.715430861723446276e-02 3.632670000000000110e-13
7.755511022044087044e-02 4.103399999999999964e-13
7.795591182364727811e-02 1.028519999999999943e-12
7.835671342685371354e-02 1.282539999999999905e-12
7.875751503006012122e-02 6.998880000000000163e-13
7.915831663326652889e-02 2.193809999999999919e-13
7.955911823647293657e-02 8.215690000000000306e-13
7.995991983967934424e-02 1.032070000000000064e-12
8.036072144288575192e-02 7.567310000000000195e-13
8.076152304609218735e-02 2.522439999999999802e-13
8.116232464929859503e-02 9.308179999999999219e-13
8.156312625250500270e-02 9.565750000000000917e-13
8.196392785571141038e-02 8.135749999999999942e-13
8.236472945891781805e-02 9.770009999999999736e-14
8.276553106212425348e-02 7.256449999999999842e-13
8.316633266533066116e-02 1.266550000000000091e-12
8.356713426853706883e-02 1.090690000000000071e-12
8.396793587174347651e-02 5.933070000000000083e-13
8.436873747494988418e-02 4.591920000000000289e-13
8.476953907815631961e-02 1.103120000000000049e-12
8.517034068136272729e-02 1.086249999999999941e-12
8.557114228456913496e-02 6.492620000000000460e-13
8.597194388777554264e-02 3.943529999999999959e-13
8.637274549098195031e-02 7.425210000000000225e-13
8.677354709418835799e-02 9.325940000000000549e-13
8.717434869739479342e-02 9.006159999999999663e-13
8.757515030060120109e-02 5.320220000000000326e-13
8.797595190380760877e-02 5.346870000000000016e-13
8.837675350701401644e-02 1.159079999999999944e-12
8.877755511022042412e-02 1.344710000000000033e-12
8.917835671342685955e-02 1.033850000000000083e-12
8.957915831663326722e-02 4.218859999999999958e-13
8.997995991983967490e-02 6.643609999999999800e-13
9.038076152304608257e-02 9.361470000000000903e-13
9.078156312625249025e-02 9.290419999999999908e-13
9.118236472945892568e-02 5.151469999999999657e-13
9.158316633266533335e-02 4.973829999999999618e-13
9.198396793587174103e-02 1.180400000000000100e-12
9.238476953907814870e-02 1.186609999999999929e-12
9.278557114228455638e-02 7.558429999999999531e-13
9.318637274549096405e-02 2.504679999999999986e-13
9.358717434869739948e-02 8.562070000000000291e-13
9.398797595190380716e-02 1.001870000000000052e-12
9.438877755511021483e-02 7.522909999999999900e-13
9.478957915831662251e-02 4.352089999999999987e-13
9.519038076152303018e-02 5.737669999999999724e-13
9.559118236472946561e-02 1.057829999999999947e-12
9.599198396793587329e-02 9.006159999999999663e-13
9.639278557114228096e-02 2.904359999999999854e-13
9.679358717434868864e-02 7.291980000000000196e-13
9.719438877755509631e-02 1.128879999999999932e-12
9.759519038076150399e-02 8.491020000000000306e-13
9.799599198396793942e-02 1.936239999999999987e-13
9.839679358717434710e-02 6.332750000000000456e-13
9.879759519038075477e-02 1.025849999999999915e-12
9.919839679358716245e-02 7.149869999999999502e-13
9.959919839679357012e-02 1.820770000000000026e-13
1.000000000000000056e-01 9.023929999999999698e-13
