0.000000000000000000e+00 5.282909999999999751e-12
1.005025125628140718e-02 5.100839999999999902e-12
2.010050251256281437e-02 5.008470000000000367e-12
3.015075376884421982e-02 5.066200000000000365e-12
4.020100502512562873e-02 5.081300000000000169e-12
5.025125628140703765e-02 5.009350000000000258e-12
6.030150753768843963e-02 4.992479999999999746e-12
7.035175879396984855e-02 4.988929999999999826e-12
8.040201005025125747e-02 4.996029999999999665e-12
9.045226130653266639e-02 5.075080000000000222e-12
1.005025125628140753e-01 5.060869999999999619e-12
1.105527638190954842e-01 5.032450000000000029e-12
1.206030150753768793e-01 5.000470000000000401e-12
1.306532663316583021e-01 4.930309999999999820e-12
1.407035175879396971e-01 4.948070000000000342e-12
1.507537688442211199e-01 5.146130000000000005e-12
1.608040201005025149e-01 5.075080000000000222e-12
1.708542713567839100e-01 5.168339999999999766e-12
1.809045226130653328e-01 5.162119999999999819e-12
1.909547738693467278e-01 5.171889999999999685e-12
2.010050251256281506e-01 5.128370000000000290e-12
2.110552763819095456e-01 5.189650000000000207e-12
2.211055276381909684e-01 5.077740000000000132e-12
2.311557788944723635e-01 5.095509999999999964e-12
2.412060301507537585e-01 5.085740000000000098e-12
2.512562814070351536e-01 5.063530000000000337e-12
2.613065326633166041e-01 4.996029999999999665e-12
2.713567839195979992e-01 4.948960000000000351e-12
2.814070351758793942e-01 5.063530000000000337e-12
2.914572864321607892e-01 5.068860000000000274e-12
3.015075376884422398e-01 5.065310000000000355e-12
3.115577889447236348e-01 5.063530000000000337e-12
3.216080402010050299e-01 5.084850000000000088e-12
3.316582914572864249e-01 5.089290000000000017e-12
3.417085427135678199e-01 5.043099999999999786e-12
3.517587939698492705e-01 4.934749999999999748e-12
3.618090452261306655e-01 5.007580000000000358e-12
3.718592964824120606e-01 4.966720000000000065e-12
3.819095477386934556e-01 5.001359999999999603e-12
3.919597989949749062e-01 4.975599999999999923e-12
4.020100502512563012e-01 5.068860000000000274e-12
4.120603015075376963e-01 5.012910000000000296e-12
4.221105527638190913e-01 5.034219999999999929e-12
4.321608040201004863e-01 5.032450000000000029e-12
4.422110552763819369e-01 4.967610000000000075e-12
4.522613065326633319e-01 4.916100000000000025e-12
4.623115577889447270e-01 4.954290000000000289e-12
4.723618090452261220e-01 5.026230000000000082e-12
4.824120603015075170e-01 5.047549999999999833e-12
4.924623115577889676e-01 5.081300000000000169e-12
5.025125628140703071e-01 4.981819999999999870e-12
5.125628140703517577e-01 5.047549999999999833e-12
5.226130653266332082e-01 5.088400000000000007e-12
5.326633165829145478e-01 5.107049999999999731e-12
5.427135678391959983e-01 5.038659999999999858e-12
5.527638190954774489e-01 4.935639999999999758e-12
5.628140703517587884e-01 5.018240000000000234e-12
5.728643216080402389e-01 5.047549999999999833e-12
5.829145728643215785e-01 5.015570000000000206e-12
5.929648241206030290e-01 5.020900000000000144e-12
6.030150753768844796e-01 5.045769999999999814e-12
6.130653266331658191e-01 5.138140000000000157e-12
6.231155778894472697e-01 5.095509999999999964e-12
6.331658291457286092e-01 5.069750000000000284e-12
6.432160804020100597e-01 5.088400000000000007e-12
6.532663316582915103e-01 5.100839999999999902e-12
6.633165829145728498e-01 5.103499999999999812e-12
6.733668341708543004e-01 4.980929999999999861e-12
6.834170854271356399e-01 4.965830000000000056e-12
6.934673366834170904e-01 4.853029999999999971e-12
7.035175879396985410e-01 4.916979999999999916e-12
7.135678391959798805e-01 4.980039999999999851e-12
7.236180904522613311e-01 5.033329999999999920e-12
7.336683417085426706e-01 5.020010000000000134e-12
7.437185929648241212e-01 4.983599999999999889e-12
7.537688442211055717e-01 4.981819999999999870e-12
7.638190954773869112e-01 5.025340000000000072e-12
7.738693467336683618e-01 5.024450000000000063e-12
7.839195979899498123e-01 5.055539999999999681e-12
7.939698492462311519e-01 4.975599999999999923e-12
8.040201005025126024e-01 4.916100000000000025e-12
8.140703517587939420e-01 4.970269999999999985e-12
8.241206030150753925e-01 5.049319999999999734e-12
8.341708542713568431e-01 5.046659999999999824e-12
8.442211055276381826e-01 5.119489999999999626e-12
8.542713567839196331e-01 5.091949999999999927e-12
8.643216080402009727e-01 5.026230000000000082e-12
8.743718592964824232e-01 5.010240000000000268e-12
8.844221105527638738e-01 5.015570000000000206e-12
8.944723618090452133e-01 4.980039999999999851e-12
9.045226130653266639e-01 5.021790000000000153e-12
9.145728643216080034e-01 5.002249999999999612e-12
9.246231155778894539e-01 4.924979999999999882e-12
9.346733668341709045e-01 4.938299999999999668e-12
9.447236180904522440e-01 4.935639999999999758e-12
9.547738693467336946e-01 5.038659999999999858e-12
9.648241206030150341e-01 4.955180000000000298e-12
9.748743718592964846e-01 5.012910000000000296e-12
9.849246231155779352e-01 5.041329999999999886e-12
9.949748743718592747e-01 5.052869999999999653e-12
1.005025125628140614e+00 5.051989999999999762e-12
1.015075376884422065e+00 5.017350000000000224e-12
1.025125628140703515e+00 5.016460000000000215e-12
1.035175879396984966e+00 5.007580000000000358e-12
1.045226130653266416e+00 4.977379999999999941e-12
1.055276381909547645e+00 5.003139999999999622e-12
1.065326633165829096e+00 5.058200000000000399e-12
1.075376884422110546e+00 5.012910000000000296e-12
1.085427135678391997e+00 4.972940000000000013e-12
1.095477386934673447e+00 5.029780000000000001e-12
1.105527638190954898e+00 5.044879999999999805e-12
1.115577889447236126e+00 4.995139999999999656e-12
1.125628140703517577e+00 4.928529999999999801e-12
1.135678391959799027e+00 4.924089999999999873e-12
1.145728643216080478e+00 5.052869999999999653e-12
1.155778894472361928e+00 4.966720000000000065e-12
1.165829145728643157e+00 4.990699999999999727e-12
1.175879396984924607e+00 4.949850000000000361e-12
1.185929648241206058e+00 5.020900000000000144e-12
1.195979899497487509e+00 5.089290000000000017e-12
1.206030150753768959e+00 5.139030000000000166e-12
1.216080402010050188e+00 5.041329999999999886e-12
1.226130653266331638e+00 5.089290000000000017e-12
1.236180904522613089e+00 5.080410000000000160e-12
1.246231155778894539e+00 5.102609999999999802e-12
1.256281407035175990e+00 5.183440000000000378e-12
1.266331658291457218e+00 5.044879999999999805e-12
1.276381909547738669e+00 5.025340000000000072e-12
1.286432160804020119e+00 5.028889999999999991e-12
1.296482412060301570e+00 5.047549999999999833e-12
1.306532663316583021e+00 5.068860000000000274e-12
1.316582914572864249e+00 4.904550000000000140e-12
1.326633165829145700e+00 4.961390000000000128e-12
1.336683417085427150e+00 5.044879999999999805e-12
1.346733668341708601e+00 5.082180000000000060e-12
1.356783919597990051e+00 5.048429999999999724e-12
1.366834170854271280e+00 5.148800000000000033e-12
1.376884422110552730e+00 5.123040000000000353e-12
1.386934673366834181e+00 5.087509999999999998e-12
1.396984924623115631e+00 5.081300000000000169e-12
1.407035175879397082e+00 5.123930000000000362e-12
1.417085427135678311e+00 5.113269999999999678e-12
1.427135678391959761e+00 5.082180000000000060e-12
1.437185929648241212e+00 5.011130000000000277e-12
1.447236180904522662e+00 5.058200000000000399e-12
1.457286432160804113e+00 5.034219999999999929e-12
1.467336683417085341e+00 5.072410000000000194e-12
1.477386934673366792e+00 5.074190000000000212e-12
1.487437185929648242e+00 5.007580000000000358e-12
1.497487437185929693e+00 5.043099999999999786e-12
1.507537688442211143e+00 5.044879999999999805e-12
1.517587939698492594e+00 5.014680000000000196e-12
1.527638190954773822e+00 5.028889999999999991e-12
1.537688442211055273e+00 4.992479999999999746e-12
1.547738693467336724e+00 5.020900000000000144e-12
1.557788944723618174e+00 5.055539999999999681e-12
1.567839195979899625e+00 5.089290000000000017e-12
1.577889447236180853e+00 4.992479999999999746e-12
1.587939698492462304e+00 5.032450000000000029e-12
1.597989949748743754e+00 5.084850000000000088e-12
1.608040201005025205e+00 5.082180000000000060e-12
1.618090452261306655e+00 4.994259999999999764e-12
1.628140703517587884e+00 4.957840000000000208e-12
1.638190954773869334e+00 4.954290000000000289e-12
1.648241206030150785e+00 4.960500000000000118e-12
1.658291457286432236e+00 4.953400000000000280e-12
1.668341708542713686e+00 5.019120000000000125e-12
1.678391959798994915e+00 5.060869999999999619e-12
1.688442211055276365e+00 5.100839999999999902e-12
1.698492462311557816e+00 5.121260000000000334e-12
1.708542713567839266e+00 5.127480000000000281e-12
1.718592964824120717e+00 5.034219999999999929e-12
1.728643216080401945e+00 5.079520000000000150e-12
1.738693467336683396e+00 5.033329999999999920e-12
1.748743718592964846e+00 5.028889999999999991e-12
1.758793969849246297e+00 5.107049999999999731e-12
1.768844221105527748e+00 5.050209999999999743e-12
1.778894472361808976e+00 5.039549999999999867e-12
1.788944723618090427e+00 4.925869999999999891e-12
1.798994974874371877e+00 4.909880000000000077e-12
1.809045226130653328e+00 5.042219999999999895e-12
1.819095477386934778e+00 5.068860000000000274e-12
1.829145728643216007e+00 4.893000000000000254e-12
1.839195979899497457e+00 4.956060000000000190e-12
1.849246231155778908e+00 4.988039999999999817e-12
1.859296482412060358e+00 5.021790000000000153e-12
1.869346733668341809e+00 5.091070000000000035e-12
1.879396984924623037e+00 5.076860000000000240e-12
1.889447236180904488e+00 5.058200000000000399e-12
1.899497487437185939e+00 5.028889999999999991e-12
1.909547738693467389e+00 5.120379999999999635e-12
1.919597989949748840e+00 4.986259999999999798e-12
1.929648241206030068e+00 4.944519999999999615e-12
1.939698492462311519e+00 4.959620000000000227e-12
1.949748743718592969e+00 4.991589999999999736e-12
1.959798994974874420e+00 5.043099999999999786e-12
1.969849246231155870e+00 5.023560000000000053e-12
1.979899497487437321e+00 4.996919999999999674e-12
1.989949748743718549e+00 5.016460000000000215e-12
2.000000000000000000e+00 5.066200000000000365e-12
