-1.000000000000000000e+00 3.891759999999999804e-09
-9.797979797979797789e-01 6.530199999999999639e-09
-9.595959595959595578e-01 7.650730000000000111e-09
-9.393939393939394478e-01 8.130030000000000307e-09
-9.191919191919192267e-01 3.894479999999999977e-09
-8.989898989898990056e-01 7.913569999999999174e-09
-8.787878787878787845e-01 9.867159999999999663e-09
-8.585858585858585634e-01 1.798080000000000061e-09
-8.383838383838383423e-01 6.861260000000000355e-09
-8.181818181818181213e-01 1.734599999999999862e-08
-7.979797979797980112e-01 8.771220000000000240e-09
-7.777777777777777901e-01 1.176890000000000058e-09
-7.575757575757575690e-01 1.069940000000000050e-08
-7.373737373737373479e-01 4.616619999999999718e-09
-7.171717171717171269e-01 3.594339999999999812e-09
-6.969696969696970168e-01 1.649830000000000082e-09
-6.767676767676766847e-01 6.031799999999999788e-09
-6.565656565656565746e-01 1.075209999999999971e-08
-6.363636363636363535e-01 4.762139999999999853e-09
-6.161616161616161325e-01 1.055020000000000018e-10
-5.959595959595959114e-01 7.732580000000000609e-09
-5.757575757575756903e-01 7.221419999999999657e-10
-5.555555555555555802e-01 4.325590000000000156e-09
-5.353535353535352481e-01 5.147770000000000309e-09
-5.151515151515151381e-01 4.523859999999999720e-09
-4.949494949494949170e-01 1.059749999999999944e-08
-4.747474747474746959e-01 8.440169999999999403e-09
-4.545454545454544748e-01 1.104310000000000046e-08
-4.343434343434342537e-01 4.363779999999999586e-09
-4.141414141414141437e-01 1.129230000000000080e-08
-3.939393939393939226e-01 1.469750000000000017e-09
-3.737373737373737015e-01 3.981799999999999630e-09
-3.535353535353534804e-01 6.713919999999999910e-09
-3.333333333333332593e-01 2.644819999999999972e-09
-3.131313131313130382e-01 8.314659999999999492e-09
-2.929292929292928171e-01 8.349219999999999836e-09
-2.727272727272727071e-01 7.252340000000000208e-09
-2.525252525252524860e-01 7.101359999999999970e-09
-2.323232323232322649e-01 8.296469999999999579e-09
-2.121212121212120438e-01 8.385580000000000319e-10
-1.919191919191918227e-01 4.498390000000000221e-09
-1.717171717171716017e-01 1.955430000000000143e-09
-1.515151515151514916e-01 1.939060000000000126e-09
-1.313131313131312705e-01 1.649289999999999875e-08
-1.111111111111110494e-01 1.948150000000000143e-09
-9.090909090909082835e-02 1.774979999999999923e-08
-7.070707070707060726e-02 3.441540000000000091e-09
-5.050505050505038618e-02 1.114499999999999987e-08
-3.030303030303027612e-02 2.402709999999999947e-08
-1.010101010101005503e-02 9.142299999999999749e-09
1.010101010101016605e-02 1.398810000000000053e-09
3.030303030303049816e-02 5.518839999999999938e-09
5.050505050505060822e-02 3.437899999999999884e-09
7.070707070707071829e-02 3.819909999999999892e-09
9.090909090909105039e-02 7.368750000000000222e-09
1.111111111111111605e-01 4.311030000000000156e-09
1.313131313131314926e-01 4.381970000000000327e-09
1.515151515151516026e-01 2.406539999999999839e-09
1.717171717171717127e-01 1.511589999999999947e-09
1.919191919191920448e-01 2.795799999999999796e-09
2.121212121212121549e-01 9.225969999999999730e-09
2.323232323232324870e-01 1.370070000000000005e-08
2.525252525252525970e-01 6.857619999999999734e-09
2.727272727272729291e-01 1.102679999999999919e-08
2.929292929292930392e-01 7.314179999999999655e-09
3.131313131313131493e-01 7.699839999999999748e-09
3.333333333333334814e-01 8.481999999999999454e-09
3.535353535353535914e-01 3.212349999999999976e-09
3.737373737373739235e-01 7.257800000000000311e-09
3.939393939393940336e-01 1.153249999999999921e-09
4.141414141414143657e-01 2.386530000000000030e-09
4.343434343434344758e-01 2.626630000000000059e-09
4.545454545454545858e-01 2.768519999999999865e-09
4.747474747474749179e-01 2.526590000000000061e-09
4.949494949494950280e-01 2.146420000000000121e-09
5.151515151515153601e-01 1.744420000000000062e-09
5.353535353535354702e-01 2.095490000000000174e-09
5.555555555555555802e-01 2.097310000000000071e-09
5.757575757575759123e-01 2.148240000000000018e-09
5.959595959595960224e-01 2.226460000000000188e-09
6.161616161616163545e-01 2.073660000000000054e-09
6.363636363636364646e-01 2.088210000000000175e-09
6.565656565656567967e-01 2.290119999999999946e-09
6.767676767676769067e-01 1.535230000000000084e-09
6.969696969696970168e-01 2.506579999999999837e-09
7.171717171717173489e-01 2.521129999999999958e-09
7.373737373737374590e-01 2.264659999999999912e-09
7.575757575757577911e-01 1.782619999999999992e-09
7.777777777777779011e-01 2.168249999999999828e-09
7.979797979797982332e-01 2.288300000000000049e-09
8.181818181818183433e-01 2.459290000000000097e-09
8.383838383838384534e-01 2.421089999999999960e-09
8.585858585858587855e-01 1.933600000000000023e-09
8.787878787878788955e-01 2.362880000000000013e-09
8.989898989898992276e-01 1.802630000000000009e-09
9.191919191919193377e-01 2.142779999999999915e-09
9.393939393939394478e-01 2.828539999999999830e-09
9.595959595959597799e-01 1.537049999999999981e-09
9.797979797979798899e-01 1.986349999999999867e-09
1.000000000000000000e+00 2.200989999999999862e-09
