1.000000000000000000e+00 1.000000000000000000e+00 3.087319999999999814e-12
1.000000000000000000e+00 1.055555555555555580e+00 3.353779999999999872e-12
1.000000000000000000e+00 1.111111111111111160e+00 3.311139999999999965e-12
1.000000000000000000e+00 1.166666666666666741e+00 2.092560000000000123e-12
1.000000000000000000e+00 1.222222222222222321e+00 3.495879999999999842e-12
1.000000000000000000e+00 1.277777777777777679e+00 3.463909999999999929e-12
1.000000000000000000e+00 1.333333333333333259e+00 2.572180000000000052e-12
1.000000000000000000e+00 1.388888888888888840e+00 3.023369999999999869e-12
1.000000000000000000e+00 1.444444444444444420e+00 3.886700000000000392e-12
1.000000000000000000e+00 1.500000000000000000e+00 3.151270000000000162e-12
1.055555555555555580e+00 1.000000000000000000e+00 3.026929999999999907e-12
1.055555555555555580e+00 1.055555555555555580e+00 3.289829999999999927e-12
1.055555555555555580e+00 1.111111111111111160e+00 3.744589999999999900e-12
1.055555555555555580e+00 1.166666666666666741e+00 3.009160000000000074e-12
1.055555555555555580e+00 1.222222222222222321e+00 2.749809999999999973e-12
1.055555555555555580e+00 1.277777777777777679e+00 3.893800000000000231e-12
1.055555555555555580e+00 1.333333333333333259e+00 3.360880000000000114e-12
1.055555555555555580e+00 1.388888888888888840e+00 2.348359999999999901e-12
1.055555555555555580e+00 1.444444444444444420e+00 3.506540000000000122e-12
1.055555555555555580e+00 1.500000000000000000e+00 3.773010000000000298e-12
1.111111111111111160e+00 1.000000000000000000e+00 3.602470000000000098e-12
1.111111111111111160e+00 1.055555555555555580e+00 2.636129999999999997e-12
1.111111111111111160e+00 1.111111111111111160e+00 3.179690000000000156e-12
1.111111111111111160e+00 1.166666666666666741e+00 2.899030000000000017e-12
1.111111111111111160e+00 1.222222222222222321e+00 3.524309999999999954e-12
1.111111111111111160e+00 1.277777777777777679e+00 3.353779999999999872e-12
1.111111111111111160e+00 1.333333333333333259e+00 2.351909999999999820e-12
1.111111111111111160e+00 1.388888888888888840e+00 3.204559999999999827e-12
1.111111111111111160e+00 1.444444444444444420e+00 2.824420000000000197e-12
1.111111111111111160e+00 1.500000000000000000e+00 3.584699999999999862e-12
1.166666666666666741e+00 1.000000000000000000e+00 4.298810000000000340e-12
1.166666666666666741e+00 1.055555555555555580e+00 2.696519999999999904e-12
1.166666666666666741e+00 1.111111111111111160e+00 2.614809999999999841e-12
1.166666666666666741e+00 1.166666666666666741e+00 3.932879999999999697e-12
1.166666666666666741e+00 1.222222222222222321e+00 2.792449999999999880e-12
1.166666666666666741e+00 1.277777777777777679e+00 2.572180000000000052e-12
1.166666666666666741e+00 1.333333333333333259e+00 3.051789999999999863e-12
1.166666666666666741e+00 1.388888888888888840e+00 2.582839999999999928e-12
1.166666666666666741e+00 1.444444444444444420e+00 3.627330000000000054e-12
1.166666666666666741e+00 1.500000000000000000e+00 3.229429999999999902e-12
1.222222222222222321e+00 1.000000000000000000e+00 3.844060000000000081e-12
1.222222222222222321e+00 1.055555555555555580e+00 2.678760000000000190e-12
1.222222222222222321e+00 1.111111111111111160e+00 3.655770000000000285e-12
1.222222222222222321e+00 1.166666666666666741e+00 3.005610000000000155e-12
1.222222222222222321e+00 1.222222222222222321e+00 3.659320000000000204e-12
1.222222222222222321e+00 1.277777777777777679e+00 3.069560000000000100e-12
1.222222222222222321e+00 1.333333333333333259e+00 3.215220000000000107e-12
1.222222222222222321e+00 1.388888888888888840e+00 3.367990000000000071e-12
1.222222222222222321e+00 1.444444444444444420e+00 3.019819999999999950e-12
1.222222222222222321e+00 1.500000000000000000e+00 4.188680000000000283e-12
1.277777777777777679e+00 1.000000000000000000e+00 2.465599999999999915e-12
1.277777777777777679e+00 1.055555555555555580e+00 3.932879999999999697e-12
1.277777777777777679e+00 1.111111111111111160e+00 3.343119999999999996e-12
1.277777777777777679e+00 1.166666666666666741e+00 3.272060000000000095e-12
1.277777777777777679e+00 1.222222222222222321e+00 3.097980000000000094e-12
1.277777777777777679e+00 1.277777777777777679e+00 2.675209999999999867e-12
1.277777777777777679e+00 1.333333333333333259e+00 3.904460000000000107e-12
1.277777777777777679e+00 1.388888888888888840e+00 3.378639999999999829e-12
1.277777777777777679e+00 1.444444444444444420e+00 1.968219999999999867e-12
1.277777777777777679e+00 1.500000000000000000e+00 3.638009999999999763e-12
1.333333333333333259e+00 1.000000000000000000e+00 2.461159999999999986e-12
1.333333333333333259e+00 1.055555555555555580e+00 3.603349999999999989e-12
1.333333333333333259e+00 1.111111111111111160e+00 2.793339999999999889e-12
1.333333333333333259e+00 1.166666666666666741e+00 3.272950000000000104e-12
1.333333333333333259e+00 1.222222222222222321e+00 3.094430000000000174e-12
1.333333333333333259e+00 1.277777777777777679e+00 2.633459999999999969e-12
1.333333333333333259e+00 1.333333333333333259e+00 3.648660000000000328e-12
1.333333333333333259e+00 1.388888888888888840e+00 3.042019999999999997e-12
1.333333333333333259e+00 1.444444444444444420e+00 2.335920000000000007e-12
1.333333333333333259e+00 1.500000000000000000e+00 3.407069999999999941e-12
1.388888888888888840e+00 1.000000000000000000e+00 2.639679999999999916e-12
1.388888888888888840e+00 1.055555555555555580e+00 3.238310000000000163e-12
1.388888888888888840e+00 1.111111111111111160e+00 2.797779999999999818e-12
1.388888888888888840e+00 1.166666666666666741e+00 3.337790000000000058e-12
1.388888888888888840e+00 1.222222222222222321e+00 3.534079999999999821e-12
1.388888888888888840e+00 1.277777777777777679e+00 2.573070000000000061e-12
1.388888888888888840e+00 1.333333333333333259e+00 3.075780000000000047e-12
1.388888888888888840e+00 1.388888888888888840e+00 3.378639999999999829e-12
1.388888888888888840e+00 1.444444444444444420e+00 2.796889999999999809e-12
1.388888888888888840e+00 1.500000000000000000e+00 3.678859999999999937e-12
1.444444444444444420e+00 1.000000000000000000e+00 3.702839999999999598e-12
1.444444444444444420e+00 1.055555555555555580e+00 2.941659999999999807e-12
1.444444444444444420e+00 1.111111111111111160e+00 2.952320000000000086e-12
1.444444444444444420e+00 1.166666666666666741e+00 2.901689999999999927e-12
1.444444444444444420e+00 1.222222222222222321e+00 3.199229999999999889e-12
1.444444444444444420e+00 1.277777777777777679e+00 3.283609999999999980e-12
1.444444444444444420e+00 1.333333333333333259e+00 3.722380000000000139e-12
1.444444444444444420e+00 1.388888888888888840e+00 3.217880000000000017e-12
1.444444444444444420e+00 1.444444444444444420e+00 3.782780000000000165e-12
1.444444444444444420e+00 1.500000000000000000e+00 2.602380000000000065e-12
1.500000000000000000e+00 1.000000000000000000e+00 4.556380000000000019e-12
1.500000000000000000e+00 1.055555555555555580e+00 2.732939999999999864e-12
1.500000000000000000e+00 1.111111111111111160e+00 3.225879999999999983e-12
1.500000000000000000e+00 1.166666666666666741e+00 3.278280000000000042e-12
1.500000000000000000e+00 1.222222222222222321e+00 3.054459999999999891e-12
1.500000000000000000e+00 1.277777777777777679e+00 3.903570000000000097e-12
1.500000000000000000e+00 1.333333333333333259e+00 3.128180000000000106e-12
1.500000000000000000e+00 1.388888888888888840e+00 2.501120000000000151e-12
1.500000000000000000e+00 1.444444444444444420e+00 3.902680000000000088e-12
1.500000000000000000e+00 1.500000000000000000e+00 3.372430000000000000e-12
