-3.000000000000000062e-03 1.000000000000000000e+00 3.518980000000000016e-12
-3.000000000000000062e-03 1.010204081632652962e+00 2.768469999999999814e-12
-3.000000000000000062e-03 1.020408163265306145e+00 2.672539999999999839e-12
-3.000000000000000062e-03 1.030612244897959107e+00 3.773900000000000307e-12
-3.000000000000000062e-03 1.040816326530612290e+00 2.672539999999999839e-12
-3.000000000000000062e-03 1.051020408163265252e+00 3.081099999999999867e-12
-3.000000000000000062e-03 1.061224489795918435e+00 3.525189999999999845e-12
-3.000000000000000062e-03 1.071428571428571397e+00 3.094430000000000174e-12
-3.000000000000000062e-03 1.081632653061224580e+00 3.711730000000000381e-12
-3.000000000000000062e-03 1.091836734693877542e+00 2.478920000000000104e-12
-3.000000000000000062e-03 1.102040816326530503e+00 3.622890000000000126e-12
-3.000000000000000062e-03 1.112244897959183687e+00 3.034920000000000158e-12
-3.000000000000000062e-03 1.122448979591836649e+00 4.030579999999999977e-12
-3.000000000000000062e-03 1.132653061224489832e+00 2.942549999999999816e-12
-3.000000000000000062e-03 1.142857142857142794e+00 3.288049999999999909e-12
-3.000000000000000062e-03 1.153061224489795977e+00 2.661000000000000071e-12
-3.000000000000000062e-03 1.163265306122448939e+00 3.652220000000000365e-12
-3.000000000000000062e-03 1.173469387755102122e+00 3.369759999999999972e-12
-3.000000000000000062e-03 1.183673469387755084e+00 3.577600000000000023e-12
-3.000000000000000062e-03 1.193877551020408045e+00 2.678760000000000190e-12
-3.000000000000000062e-03 1.204081632653061229e+00 3.209000000000000160e-12
-3.000000000000000062e-03 1.214285714285714191e+00 3.319139999999999931e-12
-3.000000000000000062e-03 1.224489795918367374e+00 3.366210000000000052e-12
-3.000000000000000062e-03 1.234693877551020336e+00 3.465689999999999948e-12
-3.000000000000000062e-03 1.244897959183673519e+00 2.805770000000000070e-12
-3.000000000000000062e-03 1.255102040816326481e+00 3.118409999999999836e-12
-3.000000000000000062e-03 1.265306122448979664e+00 3.243640000000000101e-12
-3.000000000000000062e-03 1.275510204081632626e+00 3.846730000000000109e-12
-3.000000000000000062e-03 1.285714285714285587e+00 2.784449999999999914e-12
-3.000000000000000062e-03 1.295918367346938771e+00 2.841300000000000020e-12
-3.000000000000000062e-03 1.306122448979591733e+00 3.794330000000000050e-12
-3.000000000000000062e-03 1.316326530612244916e+00 2.668989999999999919e-12
-3.000000000000000062e-03 1.326530612244897878e+00 3.153940000000000190e-12
-3.000000000000000062e-03 1.336734693877551061e+00 3.927549999999999759e-12
-3.000000000000000062e-03 1.346938775510204023e+00 2.923900000000000092e-12
-3.000000000000000062e-03 1.357142857142857206e+00 3.518980000000000016e-12
-3.000000000000000062e-03 1.367346938775510168e+00 3.458579999999999991e-12
-3.000000000000000062e-03 1.377551020408163129e+00 3.230319999999999911e-12
-3.000000000000000062e-03 1.387755102040816313e+00 3.170809999999999895e-12
-3.000000000000000062e-03 1.397959183673469274e+00 2.595270000000000108e-12
-3.000000000000000062e-03 1.408163265306122458e+00 3.503879999999999808e-12
-3.000000000000000062e-03 1.418367346938775420e+00 3.110409999999999870e-12
-3.000000000000000062e-03 1.428571428571428603e+00 2.756029999999999920e-12
-3.000000000000000062e-03 1.438775510204081565e+00 3.818309999999999711e-12
-3.000000000000000062e-03 1.448979591836734748e+00 3.306700000000000036e-12
-3.000000000000000062e-03 1.459183673469387710e+00 2.803990000000000051e-12
-3.000000000000000062e-03 1.469387755102040671e+00 3.535850000000000125e-12
-3.000000000000000062e-03 1.479591836734693855e+00 3.193899999999999952e-12
-3.000000000000000062e-03 1.489795918367347038e+00 2.651229999999999801e-12
-3.000000000000000062e-03 1.500000000000000000e+00 3.503879999999999808e-12
-2.333333333333333526e-03 1.000000000000000000e+00 3.242750000000000092e-12
-2.333333333333333526e-03 1.010204081632652962e+00 2.979850000000000071e-12
-2.333333333333333526e-03 1.020408163265306145e+00 3.181470000000000175e-12
-2.333333333333333526e-03 1.030612244897959107e+00 3.752579999999999748e-12
-2.333333333333333526e-03 1.040816326530612290e+00 2.756029999999999920e-12
-2.333333333333333526e-03 1.051020408163265252e+00 3.612239999999999964e-12
-2.333333333333333526e-03 1.061224489795918435e+00 3.558059999999999886e-12
-2.333333333333333526e-03 1.071428571428571397e+00 2.511780000000000027e-12
-2.333333333333333526e-03 1.081632653061224580e+00 3.514540000000000088e-12
-2.333333333333333526e-03 1.091836734693877542e+00 3.423050000000000040e-12
-2.333333333333333526e-03 1.102040816326530503e+00 3.044690000000000025e-12
-2.333333333333333526e-03 1.112244897959183687e+00 3.401740000000000003e-12
-2.333333333333333526e-03 1.122448979591836649e+00 2.641459999999999935e-12
-2.333333333333333526e-03 1.132653061224489832e+00 3.687739999999999794e-12
-2.333333333333333526e-03 1.142857142857142794e+00 3.305810000000000027e-12
-2.333333333333333526e-03 1.153061224489795977e+00 2.433619999999999883e-12
-2.333333333333333526e-03 1.163265306122448939e+00 3.630000000000000082e-12
-2.333333333333333526e-03 1.173469387755102122e+00 3.163710000000000057e-12
-2.333333333333333526e-03 1.183673469387755084e+00 2.665440000000000000e-12
-2.333333333333333526e-03 1.193877551020408045e+00 3.429269999999999988e-12
-2.333333333333333526e-03 1.204081632653061229e+00 3.159260000000000010e-12
-2.333333333333333526e-03 1.214285714285714191e+00 3.420390000000000130e-12
-2.333333333333333526e-03 1.224489795918367374e+00 3.481670000000000047e-12
-2.333333333333333526e-03 1.234693877551020336e+00 3.146829999999999830e-12
-2.333333333333333526e-03 1.244897959183673519e+00 2.861720000000000048e-12
-2.333333333333333526e-03 1.255102040816326481e+00 4.073210000000000170e-12
-2.333333333333333526e-03 1.265306122448979664e+00 3.142389999999999901e-12
-2.333333333333333526e-03 1.275510204081632626e+00 2.554419999999999934e-12
-2.333333333333333526e-03 1.285714285714285587e+00 3.877809999999999609e-12
-2.333333333333333526e-03 1.295918367346938771e+00 3.070450000000000109e-12
-2.333333333333333526e-03 1.306122448979591733e+00 2.429179999999999955e-12
-2.333333333333333526e-03 1.316326530612244916e+00 3.540290000000000054e-12
-2.333333333333333526e-03 1.326530612244897878e+00 2.882150000000000194e-12
-2.333333333333333526e-03 1.336734693877551061e+00 2.897249999999999999e-12
-2.333333333333333526e-03 1.346938775510204023e+00 3.799659999999999988e-12
-2.333333333333333526e-03 1.357142857142857206e+00 3.222330000000000064e-12
-2.333333333333333526e-03 1.367346938775510168e+00 2.565960000000000105e-12
-2.333333333333333526e-03 1.377551020408163129e+00 3.677090000000000036e-12
-2.333333333333333526e-03 1.387755102040816313e+00 3.256959999999999887e-12
-2.333333333333333526e-03 1.397959183673469274e+00 2.385660000000000156e-12
-2.333333333333333526e-03 1.408163265306122458e+00 3.558059999999999886e-12
-2.333333333333333526e-03 1.418367346938775420e+00 3.181470000000000175e-12
-2.333333333333333526e-03 1.428571428571428603e+00 2.782680000000000013e-12
-2.333333333333333526e-03 1.438775510204081565e+00 3.826300000000000367e-12
-2.333333333333333526e-03 1.448979591836734748e+00 3.016270000000000031e-12
-2.333333333333333526e-03 1.459183673469387710e+00 2.485140000000000051e-12
-2.333333333333333526e-03 1.469387755102040671e+00 3.963080000000000113e-12
-2.333333333333333526e-03 1.479591836734693855e+00 3.099760000000000112e-12
-2.333333333333333526e-03 1.489795918367347038e+00 3.237420000000000154e-12
-2.333333333333333526e-03 1.500000000000000000e+00 2.947880000000000158e-12
-1.666666666666666774e-03 1.000000000000000000e+00 2.734719999999999883e-12
-1.666666666666666774e-03 1.010204081632652962e+00 3.517199999999999998e-12
-1.666666666666666774e-03 1.020408163265306145e+00 3.081989999999999876e-12
-1.666666666666666774e-03 1.030612244897959107e+00 2.976300000000000152e-12
-1.666666666666666774e-03 1.040816326530612290e+00 3.630890000000000092e-12
-1.666666666666666774e-03 1.051020408163265252e+00 3.201009999999999908e-12
-1.666666666666666774e-03 1.061224489795918435e+00 3.010940000000000093e-12
-1.666666666666666774e-03 1.071428571428571397e+00 2.661000000000000071e-12
-1.666666666666666774e-03 1.081632653061224580e+00 3.612239999999999964e-12
-1.666666666666666774e-03 1.091836734693877542e+00 3.666430000000000161e-12
-1.666666666666666774e-03 1.102040816326530503e+00 2.113879999999999874e-12
-1.666666666666666774e-03 1.112244897959183687e+00 3.661100000000000223e-12
-1.666666666666666774e-03 1.122448979591836649e+00 3.470129999999999876e-12
-1.666666666666666774e-03 1.132653061224489832e+00 2.487799999999999961e-12
-1.666666666666666774e-03 1.142857142857142794e+00 3.566050000000000138e-12
-1.666666666666666774e-03 1.153061224489795977e+00 3.448810000000000125e-12
-1.666666666666666774e-03 1.163265306122448939e+00 2.861720000000000048e-12
-1.666666666666666774e-03 1.173469387755102122e+00 3.242750000000000092e-12
-1.666666666666666774e-03 1.183673469387755084e+00 2.988729999999999928e-12
-1.666666666666666774e-03 1.193877551020408045e+00 3.457689999999999982e-12
-1.666666666666666774e-03 1.204081632653061229e+00 2.764029999999999886e-12
-1.666666666666666774e-03 1.214285714285714191e+00 3.034030000000000149e-12
-1.666666666666666774e-03 1.224489795918367374e+00 3.401740000000000003e-12
-1.666666666666666774e-03 1.234693877551020336e+00 2.704519999999999870e-12
-1.666666666666666774e-03 1.244897959183673519e+00 3.046470000000000044e-12
-1.666666666666666774e-03 1.255102040816326481e+00 2.438949999999999821e-12
-1.666666666666666774e-03 1.265306122448979664e+00 3.685079999999999884e-12
-1.666666666666666774e-03 1.275510204081632626e+00 3.070450000000000109e-12
-1.666666666666666774e-03 1.285714285714285587e+00 2.811100000000000007e-12
-1.666666666666666774e-03 1.295918367346938771e+00 3.373320000000000009e-12
-1.666666666666666774e-03 1.306122448979591733e+00 3.186800000000000113e-12
-1.666666666666666774e-03 1.316326530612244916e+00 3.515419999999999979e-12
-1.666666666666666774e-03 1.326530612244897878e+00 2.421190000000000107e-12
-1.666666666666666774e-03 1.336734693877551061e+00 3.160150000000000020e-12
-1.666666666666666774e-03 1.346938775510204023e+00 3.377759999999999938e-12
-1.666666666666666774e-03 1.357142857142857206e+00 3.522529999999999936e-12
-1.666666666666666774e-03 1.367346938775510168e+00 3.154820000000000082e-12
-1.666666666666666774e-03 1.377551020408163129e+00 3.045580000000000034e-12
-1.666666666666666774e-03 1.387755102040816313e+00 3.477230000000000119e-12
-1.666666666666666774e-03 1.397959183673469274e+00 3.632659999999999992e-12
-1.666666666666666774e-03 1.408163265306122458e+00 3.722380000000000139e-12
-1.666666666666666774e-03 1.418367346938775420e+00 2.565070000000000096e-12
-1.666666666666666774e-03 1.428571428571428603e+00 3.263179999999999834e-12
-1.666666666666666774e-03 1.438775510204081565e+00 2.856399999999999825e-12
-1.666666666666666774e-03 1.448979591836734748e+00 3.529630000000000178e-12
-1.666666666666666774e-03 1.459183673469387710e+00 3.270290000000000195e-12
-1.666666666666666774e-03 1.469387755102040671e+00 3.256959999999999887e-12
-1.666666666666666774e-03 1.479591836734693855e+00 2.733829999999999873e-12
-1.666666666666666774e-03 1.489795918367347038e+00 3.670870000000000089e-12
-1.666666666666666774e-03 1.500000000000000000e+00 2.979850000000000071e-12
-1.000000000000000021e-03 1.000000000000000000e+00 2.186710000000000080e-12
-1.000000000000000021e-03 1.010204081632652962e+00 3.414170000000000183e-12
-1.000000000000000021e-03 1.020408163265306145e+00 3.337790000000000058e-12
-1.000000000000000021e-03 1.030612244897959107e+00 2.708959999999999798e-12
-1.000000000000000021e-03 1.040816326530612290e+00 3.633550000000000002e-12
-1.000000000000000021e-03 1.051020408163265252e+00 3.377759999999999938e-12
-1.000000000000000021e-03 1.061224489795918435e+00 3.323579999999999859e-12
-1.000000000000000021e-03 1.071428571428571397e+00 3.278280000000000042e-12
-1.000000000000000021e-03 1.081632653061224580e+00 2.894590000000000089e-12
-1.000000000000000021e-03 1.091836734693877542e+00 3.325350000000000164e-12
-1.000000000000000021e-03 1.102040816326530503e+00 2.951430000000000077e-12
-1.000000000000000021e-03 1.112244897959183687e+00 3.341339999999999978e-12
-1.000000000000000021e-03 1.122448979591836649e+00 3.517199999999999998e-12
-1.000000000000000021e-03 1.132653061224489832e+00 2.647670000000000168e-12
-1.000000000000000021e-03 1.142857142857142794e+00 3.122850000000000168e-12
-1.000000000000000021e-03 1.153061224489795977e+00 3.660210000000000213e-12
-1.000000000000000021e-03 1.163265306122448939e+00 3.034920000000000158e-12
-1.000000000000000021e-03 1.173469387755102122e+00 3.248970000000000039e-12
-1.000000000000000021e-03 1.183673469387755084e+00 3.328910000000000201e-12
-1.000000000000000021e-03 1.193877551020408045e+00 3.576710000000000014e-12
-1.000000000000000021e-03 1.204081632653061229e+00 3.193899999999999952e-12
-1.000000000000000021e-03 1.214285714285714191e+00 2.351909999999999820e-12
-1.000000000000000021e-03 1.224489795918367374e+00 3.988839999999999793e-12
-1.000000000000000021e-03 1.234693877551020336e+00 3.100640000000000004e-12
-1.000000000000000021e-03 1.244897959183673519e+00 2.706290000000000174e-12
-1.000000000000000021e-03 1.255102040816326481e+00 3.473680000000000199e-12
-1.000000000000000021e-03 1.265306122448979664e+00 3.312919999999999984e-12
-1.000000000000000021e-03 1.275510204081632626e+00 3.364430000000000034e-12
-1.000000000000000021e-03 1.285714285714285587e+00 3.105969999999999941e-12
-1.000000000000000021e-03 1.295918367346938771e+00 3.416839999999999807e-12
-1.000000000000000021e-03 1.306122448979591733e+00 3.580259999999999933e-12
-1.000000000000000021e-03 1.316326530612244916e+00 2.360790000000000081e-12
-1.000000000000000021e-03 1.326530612244897878e+00 3.414170000000000183e-12
-1.000000000000000021e-03 1.336734693877551061e+00 3.035810000000000168e-12
-1.000000000000000021e-03 1.346938775510204023e+00 3.819189999999999602e-12
-1.000000000000000021e-03 1.357142857142857206e+00 2.859950000000000148e-12
-1.000000000000000021e-03 1.367346938775510168e+00 3.193020000000000060e-12
-1.000000000000000021e-03 1.377551020408163129e+00 3.426610000000000078e-12
-1.000000000000000021e-03 1.387755102040816313e+00 3.008270000000000065e-12
-1.000000000000000021e-03 1.397959183673469274e+00 3.449700000000000134e-12
-1.000000000000000021e-03 1.408163265306122458e+00 2.361680000000000091e-12
-1.000000000000000021e-03 1.418367346938775420e+00 3.405289999999999922e-12
-1.000000000000000021e-03 1.428571428571428603e+00 2.696519999999999904e-12
-1.000000000000000021e-03 1.438775510204081565e+00 3.670870000000000089e-12
-1.000000000000000021e-03 1.448979591836734748e+00 2.442500000000000144e-12
-1.000000000000000021e-03 1.459183673469387710e+00 3.155710000000000091e-12
-1.000000000000000021e-03 1.469387755102040671e+00 3.481670000000000047e-12
-1.000000000000000021e-03 1.479591836734693855e+00 3.375089999999999910e-12
-1.000000000000000021e-03 1.489795918367347038e+00 3.170809999999999895e-12
-1.000000000000000021e-03 1.500000000000000000e+00 2.485140000000000051e-12
-3.333333333333334848e-04 1.000000000000000000e+00 3.455030000000000072e-12
-3.333333333333334848e-04 1.010204081632652962e+00 2.840410000000000011e-12
-3.333333333333334848e-04 1.020408163265306145e+00 3.513650000000000078e-12
-3.333333333333334848e-04 1.030612244897959107e+00 3.277390000000000033e-12
-3.333333333333334848e-04 1.040816326530612290e+00 2.512670000000000036e-12
-3.333333333333334848e-04 1.051020408163265252e+00 3.749919999999999838e-12
-3.333333333333334848e-04 1.061224489795918435e+00 3.102420000000000022e-12
-3.333333333333334848e-04 1.071428571428571397e+00 3.377759999999999938e-12
-3.333333333333334848e-04 1.081632653061224580e+00 2.375889999999999886e-12
-3.333333333333334848e-04 1.091836734693877542e+00 3.367100000000000062e-12
-3.333333333333334848e-04 1.102040816326530503e+00 3.230319999999999911e-12
-3.333333333333334848e-04 1.112244897959183687e+00 3.385750000000000189e-12
-3.333333333333334848e-04 1.122448979591836649e+00 2.525109999999999931e-12
-3.333333333333334848e-04 1.132653061224489832e+00 3.168149999999999986e-12
-3.333333333333334848e-04 1.142857142857142794e+00 2.525109999999999931e-12
-3.333333333333334848e-04 1.153061224489795977e+00 3.370649999999999981e-12
-3.333333333333334848e-04 1.163265306122448939e+00 2.602380000000000065e-12
-3.333333333333334848e-04 1.173469387755102122e+00 3.609569999999999936e-12
-3.333333333333334848e-04 1.183673469387755084e+00 2.655670000000000134e-12
-3.333333333333334848e-04 1.193877551020408045e+00 3.340449999999999968e-12
-3.333333333333334848e-04 1.204081632653061229e+00 2.201809999999999884e-12
-3.333333333333334848e-04 1.214285714285714191e+00 3.817419999999999702e-12
-3.333333333333334848e-04 1.224489795918367374e+00 2.947880000000000158e-12
-3.333333333333334848e-04 1.234693877551020336e+00 3.677969999999999928e-12
-3.333333333333334848e-04 1.244897959183673519e+00 2.989619999999999937e-12
-3.333333333333334848e-04 1.255102040816326481e+00 3.304930000000000136e-12
-3.333333333333334848e-04 1.265306122448979664e+00 3.315579999999999893e-12
-3.333333333333334848e-04 1.275510204081632626e+00 3.722380000000000139e-12
-3.333333333333334848e-04 1.285714285714285587e+00 3.039360000000000087e-12
-3.333333333333334848e-04 1.295918367346938771e+00 2.772910000000000147e-12
-3.333333333333334848e-04 1.306122448979591733e+00 3.884030000000000364e-12
-3.333333333333334848e-04 1.316326530612244916e+00 2.943439999999999825e-12
-3.333333333333334848e-04 1.326530612244897878e+00 3.283609999999999980e-12
-3.333333333333334848e-04 1.336734693877551061e+00 2.894590000000000089e-12
-3.333333333333334848e-04 1.346938775510204023e+00 3.609569999999999936e-12
-3.333333333333334848e-04 1.357142857142857206e+00 3.246310000000000129e-12
-3.333333333333334848e-04 1.367346938775510168e+00 3.190350000000000032e-12
-3.333333333333334848e-04 1.377551020408163129e+00 2.554419999999999934e-12
-3.333333333333334848e-04 1.387755102040816313e+00 3.072220000000000010e-12
-3.333333333333334848e-04 1.397959183673469274e+00 3.344010000000000006e-12
-3.333333333333334848e-04 1.408163265306122458e+00 3.347559999999999925e-12
-3.333333333333334848e-04 1.418367346938775420e+00 3.047349999999999935e-12
-3.333333333333334848e-04 1.428571428571428603e+00 2.992289999999999965e-12
-3.333333333333334848e-04 1.438775510204081565e+00 2.842179999999999911e-12
-3.333333333333334848e-04 1.448979591836734748e+00 2.930999999999999931e-12
-3.333333333333334848e-04 1.459183673469387710e+00 3.584699999999999862e-12
-3.333333333333334848e-04 1.469387755102040671e+00 3.406179999999999932e-12
-3.333333333333334848e-04 1.479591836734693855e+00 2.863500000000000067e-12
-3.333333333333334848e-04 1.489795918367347038e+00 3.629110000000000073e-12
-3.333333333333334848e-04 1.500000000000000000e+00 2.436289999999999911e-12
3.333333333333330512e-04 1.000000000000000000e+00 2.897249999999999999e-12
3.333333333333330512e-04 1.010204081632652962e+00 2.964749999999999863e-12
3.333333333333330512e-04 1.020408163265306145e+00 3.302260000000000108e-12
3.333333333333330512e-04 1.030612244897959107e+00 2.995839999999999885e-12
3.333333333333330512e-04 1.040816326530612290e+00 2.896359999999999989e-12
3.333333333333330512e-04 1.051020408163265252e+00 3.002949999999999841e-12
3.333333333333330512e-04 1.061224489795918435e+00 2.957650000000000024e-12
3.333333333333330512e-04 1.071428571428571397e+00 3.657550000000000303e-12
3.333333333333330512e-04 1.081632653061224580e+00 3.067780000000000081e-12
3.333333333333330512e-04 1.091836734693877542e+00 3.644220000000000400e-12
3.333333333333330512e-04 1.102040816326530503e+00 2.543760000000000058e-12
3.333333333333330512e-04 1.112244897959183687e+00 3.500329999999999889e-12
3.333333333333330512e-04 1.122448979591836649e+00 2.820869999999999874e-12
3.333333333333330512e-04 1.132653061224489832e+00 3.841400000000000171e-12
3.333333333333330512e-04 1.142857142857142794e+00 2.657440000000000034e-12
3.333333333333330512e-04 1.153061224489795977e+00 3.004720000000000146e-12
3.333333333333330512e-04 1.163265306122448939e+00 3.416839999999999807e-12
3.333333333333330512e-04 1.173469387755102122e+00 3.250750000000000058e-12
3.333333333333330512e-04 1.183673469387755084e+00 3.485230000000000084e-12
3.333333333333330512e-04 1.193877551020408045e+00 2.722279999999999988e-12
3.333333333333330512e-04 1.204081632653061229e+00 3.820969999999999621e-12
3.333333333333330512e-04 1.214285714285714191e+00 3.272060000000000095e-12
3.333333333333330512e-04 1.224489795918367374e+00 3.479010000000000137e-12
3.333333333333330512e-04 1.234693877551020336e+00 3.059789999999999829e-12
3.333333333333330512e-04 1.244897959183673519e+00 2.940770000000000201e-12
3.333333333333330512e-04 1.255102040816326481e+00 3.602470000000000098e-12
3.333333333333330512e-04 1.265306122448979664e+00 2.725829999999999907e-12
3.333333333333330512e-04 1.275510204081632626e+00 2.928340000000000021e-12
3.333333333333330512e-04 1.285714285714285587e+00 4.078540000000000108e-12
3.333333333333330512e-04 1.295918367346938771e+00 2.936329999999999869e-12
3.333333333333330512e-04 1.306122448979591733e+00 2.949650000000000058e-12
3.333333333333330512e-04 1.316326530612244916e+00 3.414170000000000183e-12
3.333333333333330512e-04 1.326530612244897878e+00 3.049129999999999953e-12
3.333333333333330512e-04 1.336734693877551061e+00 2.861720000000000048e-12
3.333333333333330512e-04 1.346938775510204023e+00 3.304930000000000136e-12
3.333333333333330512e-04 1.357142857142857206e+00 3.425720000000000068e-12
3.333333333333330512e-04 1.367346938775510168e+00 3.077549999999999947e-12
3.333333333333330512e-04 1.377551020408163129e+00 3.558059999999999886e-12
3.333333333333330512e-04 1.387755102040816313e+00 2.851069999999999887e-12
3.333333333333330512e-04 1.397959183673469274e+00 3.288939999999999918e-12
3.333333333333330512e-04 1.408163265306122458e+00 3.737479999999999944e-12
3.333333333333330512e-04 1.418367346938775420e+00 2.651229999999999801e-12
3.333333333333330512e-04 1.428571428571428603e+00 3.189460000000000023e-12
3.333333333333330512e-04 1.438775510204081565e+00 2.964749999999999863e-12
3.333333333333330512e-04 1.448979591836734748e+00 4.022590000000000129e-12
3.333333333333330512e-04 1.459183673469387710e+00 2.822640000000000178e-12
3.333333333333330512e-04 1.469387755102040671e+00 3.444370000000000196e-12
3.333333333333330512e-04 1.479591836734693855e+00 2.300400000000000174e-12
3.333333333333330512e-04 1.489795918367347038e+00 3.363550000000000142e-12
3.333333333333330512e-04 1.500000000000000000e+00 2.885709999999999828e-12
1.000000000000000021e-03 1.000000000000000000e+00 2.925669999999999993e-12
1.000000000000000021e-03 1.010204081632652962e+00 3.468349999999999857e-12
1.000000000000000021e-03 1.020408163265306145e+00 2.530430000000000154e-12
1.000000000000000021e-03 1.030612244897959107e+00 3.666430000000000161e-12
1.000000000000000021e-03 1.040816326530612290e+00 2.938999999999999897e-12
1.000000000000000021e-03 1.051020408163265252e+00 3.874259999999999690e-12
1.000000000000000021e-03 1.061224489795918435e+00 3.078439999999999957e-12
1.000000000000000021e-03 1.071428571428571397e+00 2.886590000000000123e-12
1.000000000000000021e-03 1.081632653061224580e+00 3.542960000000000082e-12
1.000000000000000021e-03 1.091836734693877542e+00 3.267620000000000167e-12
1.000000000000000021e-03 1.102040816326530503e+00 3.248970000000000039e-12
1.000000000000000021e-03 1.112244897959183687e+00 2.493129999999999899e-12
1.000000000000000021e-03 1.122448979591836649e+00 3.679749999999999946e-12
1.000000000000000021e-03 1.132653061224489832e+00 3.273840000000000114e-12
1.000000000000000021e-03 1.142857142857142794e+00 2.246220000000000096e-12
1.000000000000000021e-03 1.153061224489795977e+00 3.580259999999999933e-12
1.000000000000000021e-03 1.163265306122448939e+00 3.394630000000000046e-12
1.000000000000000021e-03 1.173469387755102122e+00 3.309370000000000064e-12
1.000000000000000021e-03 1.183673469387755084e+00 2.928340000000000021e-12
1.000000000000000021e-03 1.193877551020408045e+00 2.860840000000000157e-12
1.000000000000000021e-03 1.204081632653061229e+00 3.866269999999999842e-12
1.000000000000000021e-03 1.214285714285714191e+00 3.231209999999999921e-12
1.000000000000000021e-03 1.224489795918367374e+00 3.711730000000000381e-12
1.000000000000000021e-03 1.234693877551020336e+00 3.039360000000000087e-12
1.000000000000000021e-03 1.244897959183673519e+00 3.196569999999999980e-12
1.000000000000000021e-03 1.255102040816326481e+00 3.143279999999999911e-12
1.000000000000000021e-03 1.265306122448979664e+00 3.852060000000000047e-12
1.000000000000000021e-03 1.275510204081632626e+00 2.708959999999999798e-12
1.000000000000000021e-03 1.285714285714285587e+00 3.622009999999999831e-12
1.000000000000000021e-03 1.295918367346938771e+00 2.625470000000000121e-12
1.000000000000000021e-03 1.306122448979591733e+00 4.117620000000000382e-12
1.000000000000000021e-03 1.316326530612244916e+00 2.635239999999999987e-12
1.000000000000000021e-03 1.326530612244897878e+00 3.304040000000000126e-12
1.000000000000000021e-03 1.336734693877551061e+00 3.400849999999999994e-12
1.000000000000000021e-03 1.346938775510204023e+00 2.605039999999999975e-12
1.000000000000000021e-03 1.357142857142857206e+00 3.224989999999999974e-12
1.000000000000000021e-03 1.367346938775510168e+00 2.653000000000000106e-12
1.000000000000000021e-03 1.377551020408163129e+00 3.569600000000000057e-12
1.000000000000000021e-03 1.387755102040816313e+00 3.141499999999999892e-12
1.000000000000000021e-03 1.397959183673469274e+00 2.677870000000000180e-12
1.000000000000000021e-03 1.408163265306122458e+00 3.364430000000000034e-12
1.000000000000000021e-03 1.418367346938775420e+00 3.786330000000000084e-12
1.000000000000000021e-03 1.428571428571428603e+00 2.583719999999999819e-12
1.000000000000000021e-03 1.438775510204081565e+00 3.492329999999999923e-12
1.000000000000000021e-03 1.448979591836734748e+00 3.310249999999999956e-12
1.000000000000000021e-03 1.459183673469387710e+00 4.045679999999999781e-12
1.000000000000000021e-03 1.469387755102040671e+00 2.768469999999999814e-12
1.000000000000000021e-03 1.479591836734693855e+00 2.916790000000000136e-12
1.000000000000000021e-03 1.489795918367347038e+00 3.976399999999999899e-12
1.000000000000000021e-03 1.500000000000000000e+00 3.407069999999999941e-12
1.666666666666666123e-03 1.000000000000000000e+00 3.644220000000000400e-12
1.666666666666666123e-03 1.010204081632652962e+00 3.381309999999999857e-12
1.666666666666666123e-03 1.020408163265306145e+00 3.257849999999999896e-12
1.666666666666666123e-03 1.030612244897959107e+00 3.304040000000000126e-12
1.666666666666666123e-03 1.040816326530612290e+00 2.525989999999999822e-12
1.666666666666666123e-03 1.051020408163265252e+00 3.082879999999999885e-12
1.666666666666666123e-03 1.061224489795918435e+00 2.901689999999999927e-12
1.666666666666666123e-03 1.071428571428571397e+00 3.352889999999999863e-12
1.666666666666666123e-03 1.081632653061224580e+00 3.223209999999999955e-12
1.666666666666666123e-03 1.091836734693877542e+00 3.304930000000000136e-12
1.666666666666666123e-03 1.102040816326530503e+00 2.554419999999999934e-12
1.666666666666666123e-03 1.112244897959183687e+00 3.248080000000000030e-12
1.666666666666666123e-03 1.122448979591836649e+00 2.676099999999999876e-12
1.666666666666666123e-03 1.132653061224489832e+00 3.614899999999999874e-12
1.666666666666666123e-03 1.142857142857142794e+00 3.004720000000000146e-12
1.666666666666666123e-03 1.153061224489795977e+00 3.754359999999999767e-12
1.666666666666666123e-03 1.163265306122448939e+00 3.036700000000000177e-12
1.666666666666666123e-03 1.173469387755102122e+00 3.216110000000000116e-12
1.666666666666666123e-03 1.183673469387755084e+00 2.755139999999999911e-12
1.666666666666666123e-03 1.193877551020408045e+00 3.395520000000000056e-12
1.666666666666666123e-03 1.204081632653061229e+00 3.209000000000000160e-12
1.666666666666666123e-03 1.214285714285714191e+00 3.609569999999999936e-12
1.666666666666666123e-03 1.224489795918367374e+00 3.103310000000000032e-12
1.666666666666666123e-03 1.234693877551020336e+00 2.954979999999999996e-12
1.666666666666666123e-03 1.244897959183673519e+00 3.077549999999999947e-12
1.666666666666666123e-03 1.255102040816326481e+00 3.416839999999999807e-12
1.666666666666666123e-03 1.265306122448979664e+00 3.210780000000000178e-12
1.666666666666666123e-03 1.275510204081632626e+00 3.561609999999999805e-12
1.666666666666666123e-03 1.285714285714285587e+00 2.990509999999999947e-12
1.666666666666666123e-03 1.295918367346938771e+00 3.184130000000000085e-12
1.666666666666666123e-03 1.306122448979591733e+00 2.830640000000000144e-12
1.666666666666666123e-03 1.316326530612244916e+00 2.665440000000000000e-12
1.666666666666666123e-03 1.326530612244897878e+00 3.190350000000000032e-12
1.666666666666666123e-03 1.336734693877551061e+00 2.831530000000000154e-12
1.666666666666666123e-03 1.346938775510204023e+00 3.390190000000000118e-12
1.666666666666666123e-03 1.357142857142857206e+00 2.779119999999999976e-12
1.666666666666666123e-03 1.367346938775510168e+00 3.591809999999999818e-12
1.666666666666666123e-03 1.377551020408163129e+00 3.463019999999999920e-12
1.666666666666666123e-03 1.387755102040816313e+00 3.184130000000000085e-12
1.666666666666666123e-03 1.397959183673469274e+00 3.677969999999999928e-12
1.666666666666666123e-03 1.408163265306122458e+00 2.785339999999999923e-12
1.666666666666666123e-03 1.418367346938775420e+00 3.032259999999999845e-12
1.666666666666666123e-03 1.428571428571428603e+00 3.393740000000000037e-12
1.666666666666666123e-03 1.438775510204081565e+00 2.453160000000000020e-12
1.666666666666666123e-03 1.448979591836734748e+00 3.513650000000000078e-12
1.666666666666666123e-03 1.459183673469387710e+00 2.938999999999999897e-12
1.666666666666666123e-03 1.469387755102040671e+00 3.657550000000000303e-12
1.666666666666666123e-03 1.479591836734693855e+00 2.779119999999999976e-12
1.666666666666666123e-03 1.489795918367347038e+00 3.456799999999999972e-12
1.666666666666666123e-03 1.500000000000000000e+00 3.106859999999999951e-12
2.333333333333333093e-03 1.000000000000000000e+00 3.180580000000000166e-12
2.333333333333333093e-03 1.010204081632652962e+00 3.424830000000000059e-12
2.333333333333333093e-03 1.020408163265306145e+00 3.240090000000000182e-12
2.333333333333333093e-03 1.030612244897959107e+00 2.780899999999999995e-12
2.333333333333333093e-03 1.040816326530612290e+00 2.742710000000000134e-12
2.333333333333333093e-03 1.051020408163265252e+00 3.293379999999999847e-12
2.333333333333333093e-03 1.061224489795918435e+00 3.239200000000000173e-12
2.333333333333333093e-03 1.071428571428571397e+00 3.397300000000000074e-12
2.333333333333333093e-03 1.081632653061224580e+00 2.926560000000000002e-12
2.333333333333333093e-03 1.091836734693877542e+00 3.050909999999999972e-12
2.333333333333333093e-03 1.102040816326530503e+00 2.544650000000000067e-12
2.333333333333333093e-03 1.112244897959183687e+00 3.163710000000000057e-12
2.333333333333333093e-03 1.122448979591836649e+00 3.567830000000000157e-12
2.333333333333333093e-03 1.132653061224489832e+00 3.355550000000000177e-12
2.333333333333333093e-03 1.142857142857142794e+00 3.719720000000000229e-12
2.333333333333333093e-03 1.153061224489795977e+00 2.930999999999999931e-12
2.333333333333333093e-03 1.163265306122448939e+00 2.920340000000000055e-12
2.333333333333333093e-03 1.173469387755102122e+00 2.729389999999999945e-12
2.333333333333333093e-03 1.183673469387755084e+00 3.605130000000000008e-12
2.333333333333333093e-03 1.193877551020408045e+00 3.391970000000000136e-12
2.333333333333333093e-03 1.204081632653061229e+00 3.300480000000000089e-12
2.333333333333333093e-03 1.214285714285714191e+00 2.606819999999999993e-12
2.333333333333333093e-03 1.224489795918367374e+00 3.121070000000000150e-12
2.333333333333333093e-03 1.234693877551020336e+00 3.463019999999999920e-12
2.333333333333333093e-03 1.244897959183673519e+00 3.235649999999999849e-12
2.333333333333333093e-03 1.255102040816326481e+00 3.387529999999999804e-12
2.333333333333333093e-03 1.265306122448979664e+00 2.459379999999999967e-12
2.333333333333333093e-03 1.275510204081632626e+00 3.700179999999999689e-12
2.333333333333333093e-03 1.285714285714285587e+00 3.070450000000000109e-12
2.333333333333333093e-03 1.295918367346938771e+00 3.644220000000000400e-12
2.333333333333333093e-03 1.306122448979591733e+00 2.843069999999999921e-12
2.333333333333333093e-03 1.316326530612244916e+00 3.089099999999999833e-12
2.333333333333333093e-03 1.326530612244897878e+00 3.444370000000000196e-12
2.333333333333333093e-03 1.336734693877551061e+00 3.904460000000000107e-12
2.333333333333333093e-03 1.346938775510204023e+00 3.331570000000000111e-12
2.333333333333333093e-03 1.357142857142857206e+00 3.439929999999999863e-12
2.333333333333333093e-03 1.367346938775510168e+00 2.949650000000000058e-12
2.333333333333333093e-03 1.377551020408163129e+00 2.848399999999999859e-12
2.333333333333333093e-03 1.387755102040816313e+00 3.816529999999999693e-12
2.333333333333333093e-03 1.397959183673469274e+00 2.763139999999999877e-12
2.333333333333333093e-03 1.408163265306122458e+00 3.083769999999999895e-12
2.333333333333333093e-03 1.418367346938775420e+00 2.589050000000000161e-12
2.333333333333333093e-03 1.428571428571428603e+00 3.818309999999999711e-12
2.333333333333333093e-03 1.438775510204081565e+00 2.918570000000000154e-12
2.333333333333333093e-03 1.448979591836734748e+00 3.329790000000000092e-12
2.333333333333333093e-03 1.459183673469387710e+00 2.850179999999999877e-12
2.333333333333333093e-03 1.469387755102040671e+00 3.269400000000000185e-12
2.333333333333333093e-03 1.479591836734693855e+00 3.820969999999999621e-12
2.333333333333333093e-03 1.489795918367347038e+00 2.486030000000000061e-12
2.333333333333333093e-03 1.500000000000000000e+00 3.385750000000000189e-12
3.000000000000000062e-03 1.000000000000000000e+00 2.594380000000000099e-12
3.000000000000000062e-03 1.010204081632652962e+00 3.205449999999999837e-12
3.000000000000000062e-03 1.020408163265306145e+00 3.283609999999999980e-12
3.000000000000000062e-03 1.030612244897959107e+00 3.382199999999999866e-12
3.000000000000000062e-03 1.040816326530612290e+00 2.824420000000000197e-12
3.000000000000000062e-03 1.051020408163265252e+00 3.373320000000000009e-12
3.000000000000000062e-03 1.061224489795918435e+00 2.899030000000000017e-12
3.000000000000000062e-03 1.071428571428571397e+00 3.435489999999999935e-12
3.000000000000000062e-03 1.081632653061224580e+00 3.254299999999999977e-12
3.000000000000000062e-03 1.091836734693877542e+00 3.648660000000000328e-12
3.000000000000000062e-03 1.102040816326530503e+00 2.740930000000000116e-12
3.000000000000000062e-03 1.112244897959183687e+00 3.336900000000000049e-12
3.000000000000000062e-03 1.122448979591836649e+00 2.671649999999999829e-12
3.000000000000000062e-03 1.132653061224489832e+00 3.287159999999999899e-12
3.000000000000000062e-03 1.142857142857142794e+00 2.786229999999999933e-12
3.000000000000000062e-03 1.153061224489795977e+00 3.609569999999999936e-12
3.000000000000000062e-03 1.163265306122448939e+00 3.117519999999999827e-12
3.000000000000000062e-03 1.173469387755102122e+00 3.217880000000000017e-12
3.000000000000000062e-03 1.183673469387755084e+00 2.484250000000000042e-12
3.000000000000000062e-03 1.193877551020408045e+00 3.928439999999999768e-12
3.000000000000000062e-03 1.204081632653061229e+00 2.992289999999999965e-12
3.000000000000000062e-03 1.214285714285714191e+00 3.342229999999999987e-12
3.000000000000000062e-03 1.224489795918367374e+00 3.464799999999999938e-12
3.000000000000000062e-03 1.234693877551020336e+00 2.559740000000000158e-12
3.000000000000000062e-03 1.244897959183673519e+00 3.922219999999999821e-12
3.000000000000000062e-03 1.255102040816326481e+00 2.506450000000000089e-12
3.000000000000000062e-03 1.265306122448979664e+00 3.214330000000000098e-12
3.000000000000000062e-03 1.275510204081632626e+00 3.084659999999999904e-12
3.000000000000000062e-03 1.285714285714285587e+00 2.668099999999999910e-12
3.000000000000000062e-03 1.295918367346938771e+00 3.344010000000000006e-12
3.000000000000000062e-03 1.306122448979591733e+00 2.757809999999999939e-12
3.000000000000000062e-03 1.316326530612244916e+00 3.774790000000000317e-12
3.000000000000000062e-03 1.326530612244897878e+00 3.105969999999999941e-12
3.000000000000000062e-03 1.336734693877551061e+00 2.976300000000000152e-12
3.000000000000000062e-03 1.346938775510204023e+00 3.331570000000000111e-12
3.000000000000000062e-03 1.357142857142857206e+00 3.280939999999999952e-12
3.000000000000000062e-03 1.367346938775510168e+00 3.976399999999999899e-12
3.000000000000000062e-03 1.377551020408163129e+00 2.859950000000000148e-12
3.000000000000000062e-03 1.387755102040816313e+00 3.402630000000000012e-12
3.000000000000000062e-03 1.397959183673469274e+00 3.121070000000000150e-12
3.000000000000000062e-03 1.408163265306122458e+00 3.953310000000000247e-12
3.000000000000000062e-03 1.418367346938775420e+00 2.792449999999999880e-12
3.000000000000000062e-03 1.428571428571428603e+00 3.576710000000000014e-12
3.000000000000000062e-03 1.438775510204081565e+00 2.355460000000000144e-12
3.000000000000000062e-03 1.448979591836734748e+00 3.472790000000000190e-12
3.000000000000000062e-03 1.459183673469387710e+00 3.181470000000000175e-12
3.000000000000000062e-03 1.469387755102040671e+00 3.523419999999999945e-12
3.000000000000000062e-03 1.479591836734693855e+00 3.155710000000000091e-12
3.000000000000000062e-03 1.489795918367347038e+00 2.851950000000000182e-12
3.000000000000000062e-03 1.500000000000000000e+00 3.455030000000000072e-12
