-2.000000000000000000e+00 2.980889999999999929e-10
-1.959595959595959558e+00 2.964400000000000124e-10
-1.919191919191919116e+00 2.992259999999999757e-10
-1.878787878787878896e+00 2.965250000000000178e-10
-1.838383838383838453e+00 2.931430000000000081e-10
-1.797979797979798011e+00 2.987420000000000112e-10
-1.757575757575757569e+00 2.978610000000000016e-10
-1.717171717171717127e+00 2.976620000000000005e-10
-1.676767676767676685e+00 2.975200000000000231e-10
-1.636363636363636243e+00 2.969230000000000199e-10
-1.595959595959596022e+00 2.987989999999999832e-10
-1.555555555555555580e+00 3.010450000000000187e-10
-1.515151515151515138e+00 2.996230000000000209e-10
-1.474747474747474696e+00 2.988560000000000069e-10
-1.434343434343434254e+00 2.977759999999999962e-10
-1.393939393939394034e+00 2.987989999999999832e-10
-1.353535353535353369e+00 2.976620000000000005e-10
-1.313131313131313149e+00 2.967240000000000188e-10
-1.272727272727272707e+00 2.973500000000000123e-10
-1.232323232323232265e+00 2.977190000000000242e-10
-1.191919191919191823e+00 2.957300000000000221e-10
-1.151515151515151381e+00 2.983440000000000091e-10
-1.111111111111111160e+00 2.985720000000000005e-10
-1.070707070707070496e+00 2.983159999999999757e-10
-1.030303030303030276e+00 2.984300000000000231e-10
-9.898989898989898339e-01 2.986290000000000241e-10
-9.494949494949493918e-01 2.981460000000000166e-10
-9.090909090909089496e-01 2.975769999999999951e-10
-8.686868686868685074e-01 2.976049999999999768e-10
-8.282828282828282873e-01 2.978899999999999918e-10
-7.878787878787878451e-01 2.986290000000000241e-10
-7.474747474747474030e-01 2.986570000000000058e-10
-7.070707070707069608e-01 2.980600000000000026e-10
-6.666666666666665186e-01 2.976909999999999908e-10
-6.262626262626260765e-01 2.974919999999999897e-10
-5.858585858585856343e-01 2.978330000000000199e-10
-5.454545454545454142e-01 3.007889999999999939e-10
-5.050505050505049720e-01 2.988560000000000069e-10
-4.646464646464645298e-01 2.990269999999999746e-10
-4.242424242424240877e-01 2.984300000000000231e-10
-3.838383838383836455e-01 3.020109999999999821e-10
-3.434343434343432033e-01 2.991969999999999854e-10
-3.030303030303029832e-01 2.985999999999999822e-10
-2.626262626262625410e-01 2.988560000000000069e-10
-2.222222222222220989e-01 2.990269999999999746e-10
-1.818181818181816567e-01 2.994530000000000101e-10
-1.414141414141412145e-01 2.983729999999999994e-10
-1.010101010101007724e-01 2.984580000000000048e-10
-6.060606060606055223e-02 2.982019999999999800e-10
-2.020202020202011006e-02 2.981739999999999983e-10
2.020202020202033211e-02 2.978330000000000199e-10
6.060606060606099632e-02 2.988280000000000252e-10
1.010101010101012164e-01 2.985720000000000005e-10
1.414141414141414366e-01 2.986290000000000241e-10
1.818181818181821008e-01 2.980600000000000026e-10
2.222222222222223209e-01 2.967809999999999908e-10
2.626262626262629851e-01 2.991400000000000134e-10
3.030303030303032052e-01 2.985430000000000102e-10
3.434343434343434254e-01 3.009590000000000047e-10
3.838383838383840896e-01 2.966109999999999800e-10
4.242424242424243097e-01 2.975200000000000231e-10
4.646464646464649739e-01 2.997370000000000166e-10
5.050505050505051940e-01 2.988280000000000252e-10
5.454545454545458583e-01 2.998220000000000220e-10
5.858585858585860784e-01 2.979749999999999972e-10
6.262626262626262985e-01 2.985999999999999822e-10
6.666666666666669627e-01 2.987139999999999778e-10
7.070707070707071829e-01 2.980600000000000026e-10
7.474747474747478471e-01 2.993109999999999810e-10
7.878787878787880672e-01 2.974069999999999843e-10
8.282828282828287314e-01 2.980320000000000209e-10
8.686868686868689515e-01 2.978899999999999918e-10
9.090909090909091717e-01 2.989129999999999789e-10
9.494949494949498359e-01 2.990829999999999897e-10
9.898989898989900560e-01 2.989129999999999789e-10
1.030303030303030720e+00 2.993959999999999864e-10
1.070707070707070940e+00 2.993959999999999864e-10
1.111111111111111160e+00 2.985720000000000005e-10
1.151515151515151825e+00 2.994530000000000101e-10
1.191919191919192045e+00 2.993109999999999810e-10
1.232323232323232709e+00 2.996799999999999929e-10
1.272727272727272929e+00 2.988560000000000069e-10
1.313131313131313593e+00 2.983440000000000091e-10
1.353535353535353813e+00 2.977190000000000242e-10
1.393939393939394034e+00 2.988560000000000069e-10
1.434343434343434698e+00 2.987420000000000112e-10
1.474747474747474918e+00 3.004759999999999972e-10
1.515151515151515582e+00 2.991969999999999854e-10
1.555555555555555802e+00 2.974629999999999994e-10
1.595959595959596466e+00 2.997089999999999832e-10
1.636363636363636687e+00 2.991969999999999854e-10
1.676767676767676907e+00 2.996520000000000112e-10
1.717171717171717571e+00 2.982879999999999940e-10
1.757575757575757791e+00 3.019540000000000101e-10
1.797979797979798455e+00 3.003059999999999864e-10
1.838383838383838675e+00 3.014420000000000123e-10
1.878787878787878896e+00 3.003620000000000015e-10
1.919191919191919560e+00 2.985999999999999822e-10
1.959595959595959780e+00 2.999360000000000177e-10
2.000000000000000000e+00 3.013859999999999971e-10
