-2.000000000000000000e+00 2.082179999999999886e-10
-1.959595959595959558e+00 2.039830000000000027e-10
-1.919191919191919116e+00 2.053480000000000027e-10
-1.878787878787878896e+00 2.059729999999999876e-10
-1.838383838383838453e+00 2.025910000000000038e-10
-1.797979797979798011e+00 2.047509999999999995e-10
-1.757575757575757569e+00 2.056040000000000016e-10
-1.717171717171717127e+00 2.048930000000000027e-10
-1.676767676767676685e+00 2.058880000000000080e-10
-1.636363636363636243e+00 2.047509999999999995e-10
-1.595959595959596022e+00 2.048079999999999973e-10
-1.555555555555555580e+00 2.049500000000000005e-10
-1.515151515151515138e+00 2.058880000000000080e-10
-1.474747474747474696e+00 2.052910000000000048e-10
-1.434343434343434254e+00 2.048930000000000027e-10
-1.393939393939394034e+00 2.061999999999999962e-10
-1.353535353535353369e+00 2.064559999999999951e-10
-1.313131313131313149e+00 2.052910000000000048e-10
-1.272727272727272707e+00 2.052340000000000070e-10
-1.232323232323232265e+00 2.050639999999999962e-10
-1.191919191919191823e+00 2.059159999999999898e-10
-1.151515151515151381e+00 2.053480000000000027e-10
-1.111111111111111160e+00 2.047790000000000070e-10
-1.070707070707070496e+00 2.059729999999999876e-10
-1.030303030303030276e+00 2.050069999999999984e-10
-9.898989898989898339e-01 2.041820000000000038e-10
-9.494949494949493918e-01 2.061999999999999962e-10
-9.090909090909089496e-01 2.059159999999999898e-10
-8.686868686868685074e-01 2.061149999999999908e-10
-8.282828282828282873e-01 2.052059999999999994e-10
-7.878787878787878451e-01 2.068539999999999973e-10
-7.474747474747474030e-01 2.067119999999999940e-10
-7.070707070707069608e-01 2.044099999999999952e-10
-6.666666666666665186e-01 2.073940000000000026e-10
-6.262626262626260765e-01 2.060009999999999951e-10
-5.858585858585856343e-01 2.058589999999999919e-10
-5.454545454545454142e-01 2.059450000000000059e-10
-5.050505050505049720e-01 2.050920000000000038e-10
-4.646464646464645298e-01 2.055179999999999876e-10
-4.242424242424240877e-01 2.060300000000000113e-10
-3.838383838383836455e-01 2.058310000000000102e-10
-3.434343434343432033e-01 2.071950000000000016e-10
-3.030303030303029832e-01 2.056320000000000091e-10
-2.626262626262625410e-01 2.040119999999999930e-10
-2.222222222222220989e-01 2.053190000000000124e-10
-1.818181818181816567e-01 2.025340000000000060e-10
-1.414141414141412145e-01 2.058019999999999941e-10
-1.010101010101007724e-01 2.067400000000000016e-10
-6.060606060606055223e-02 2.061440000000000070e-10
-2.020202020202011006e-02 2.058019999999999941e-10
2.020202020202033211e-02 2.058310000000000102e-10
6.060606060606099632e-02 2.061999999999999962e-10
1.010101010101012164e-01 2.064850000000000113e-10
1.414141414141414366e-01 2.062860000000000102e-10
1.818181818181821008e-01 2.065410000000000005e-10
2.222222222222223209e-01 2.065979999999999984e-10
2.626262626262629851e-01 2.058310000000000102e-10
3.030303030303032052e-01 2.048930000000000027e-10
3.434343434343434254e-01 2.061719999999999887e-10
3.838383838383840896e-01 2.058310000000000102e-10
4.242424242424243097e-01 2.067400000000000016e-10
4.646464646464649739e-01 2.061999999999999962e-10
5.050505050505051940e-01 2.065410000000000005e-10
5.454545454545458583e-01 2.084460000000000058e-10
5.858585858585860784e-01 2.021079999999999963e-10
6.262626262626262985e-01 2.016240000000000060e-10
6.666666666666669627e-01 2.017669999999999920e-10
7.070707070707071829e-01 2.052619999999999887e-10
7.474747474747478471e-01 2.056599999999999908e-10
7.878787878787880672e-01 2.061999999999999962e-10
8.282828282828287314e-01 2.071669999999999940e-10
8.686868686868689515e-01 2.006300000000000092e-10
9.090909090909091717e-01 2.052910000000000048e-10
9.494949494949498359e-01 2.085310000000000112e-10
9.898989898989900560e-01 2.039830000000000027e-10
1.030303030303030720e+00 2.050069999999999984e-10
1.070707070707070940e+00 2.059159999999999898e-10
1.111111111111111160e+00 2.063989999999999973e-10
1.151515151515151825e+00 2.060870000000000091e-10
1.191919191919192045e+00 2.052619999999999887e-10
1.232323232323232709e+00 2.064279999999999876e-10
1.272727272727272929e+00 2.082470000000000048e-10
1.313131313131313593e+00 2.021649999999999941e-10
1.353535353535353813e+00 2.059450000000000059e-10
1.393939393939394034e+00 2.076780000000000091e-10
1.434343434343434698e+00 2.085030000000000037e-10
1.474747474747474918e+00 2.046089999999999962e-10
1.515151515151515582e+00 2.065699999999999908e-10
1.555555555555555802e+00 2.082750000000000123e-10
1.595959595959596466e+00 2.050639999999999962e-10
1.636363636363636687e+00 2.050639999999999962e-10
1.676767676767676907e+00 2.073940000000000026e-10
1.717171717171717571e+00 2.075360000000000059e-10
1.757575757575757791e+00 2.054330000000000081e-10
1.797979797979798455e+00 2.058589999999999919e-10
1.838383838383838675e+00 2.067400000000000016e-10
1.878787878787878896e+00 2.052619999999999887e-10
1.919191919191919560e+00 2.053480000000000027e-10
1.959595959595959780e+00 2.055179999999999876e-10
2.000000000000000000e+00 2.057460000000000048e-10
