-1.500000000000000000e+00 4.379189999999999640e-12
-1.469696969696969724e+00 4.126059999999999889e-12
-1.439393939393939448e+00 4.625659999999999901e-12
-1.409090909090909172e+00 4.552389999999999750e-12
-1.378787878787878896e+00 4.067000000000000341e-12
-1.348484848484848397e+00 4.706040000000000009e-12
-1.318181818181818121e+00 3.721500000000000248e-12
-1.287878787878787845e+00 4.296149999999999622e-12
-1.257575757575757569e+00 4.320130000000000091e-12
-1.227272727272727293e+00 4.758440000000000068e-12
-1.196969696969697017e+00 4.999140000000000042e-12
-1.166666666666666519e+00 4.714919999999999866e-12
-1.136363636363636243e+00 4.558160000000000037e-12
-1.106060606060605966e+00 4.605679999999999819e-12
-1.075757575757575690e+00 4.529289999999999980e-12
-1.045454545454545414e+00 4.236189999999999946e-12
-1.015151515151515138e+00 4.225540000000000188e-12
-9.848484848484848619e-01 4.472890000000000341e-12
-9.545454545454545858e-01 4.432040000000000167e-12
-9.242424242424241987e-01 4.120289999999999602e-12
-8.939393939393939226e-01 4.565259999999999876e-12
-8.636363636363636465e-01 4.646529999999999993e-12
-8.333333333333332593e-01 4.092310000000000361e-12
-8.030303030303029832e-01 4.711369999999999947e-12
-7.727272727272727071e-01 4.668739999999999754e-12
-7.424242424242424310e-01 4.821500000000000004e-12
-7.121212121212121549e-01 4.439589999999999665e-12
-6.818181818181817677e-01 4.811289999999999788e-12
-6.515151515151514916e-01 4.586579999999999627e-12
-6.212121212121212155e-01 4.553269999999999641e-12
-5.909090909090908283e-01 4.350770000000000050e-12
-5.606060606060605522e-01 4.739790000000000345e-12
-5.303030303030302761e-01 4.587030000000000095e-12
-5.000000000000000000e-01 4.781980000000000188e-12
-4.696969696969697239e-01 4.693159999999999765e-12
-4.393939393939394478e-01 4.831269999999999870e-12
-4.090909090909091717e-01 4.852589999999999622e-12
-3.787878787878786735e-01 4.382300000000000017e-12
-3.484848484848483974e-01 4.760659999999999629e-12
-3.181818181818181213e-01 4.494649999999999634e-12
-2.878787878787878451e-01 4.689609999999999846e-12
-2.575757575757575690e-01 4.622109999999999982e-12
-2.272727272727272929e-01 4.625659999999999901e-12
-1.969696969696970168e-01 4.475999999999999911e-12
-1.666666666666665186e-01 4.771769999999999972e-12
-1.363636363636362425e-01 4.563489999999999975e-12
-1.060606060606059664e-01 4.607010000000000178e-12
-7.575757575757569029e-02 4.582139999999999699e-12
-4.545454545454541417e-02 4.521300000000000132e-12
-1.515151515151513806e-02 4.351660000000000059e-12
1.515151515151513806e-02 4.169139999999999742e-12
4.545454545454541417e-02 4.940079999999999686e-12
7.575757575757569029e-02 4.746900000000000301e-12
1.060606060606061884e-01 4.615000000000000025e-12
1.363636363636364646e-01 4.728690000000000119e-12
1.666666666666667407e-01 4.656750000000000327e-12
1.969696969696970168e-01 5.151909999999999603e-12
2.272727272727272929e-01 4.541729999999999874e-12
2.575757575757575690e-01 4.799300000000000361e-12
2.878787878787878451e-01 5.176780000000000081e-12
3.181818181818183433e-01 4.429819999999999799e-12
3.484848484848486194e-01 4.858359999999999909e-12
3.787878787878788955e-01 5.138140000000000157e-12
4.090909090909091717e-01 4.726469999999999751e-12
4.393939393939394478e-01 4.739790000000000345e-12
4.696969696969697239e-01 5.137250000000000148e-12
5.000000000000000000e-01 4.964950000000000165e-12
5.303030303030302761e-01 4.709150000000000386e-12
5.606060606060605522e-01 3.935100000000000065e-12
5.909090909090908283e-01 4.335229999999999896e-12
6.212121212121211045e-01 4.861029999999999937e-12
6.515151515151513806e-01 4.740680000000000354e-12
6.818181818181816567e-01 4.701600000000000080e-12
7.121212121212123769e-01 4.556380000000000019e-12
7.424242424242426530e-01 4.899659999999999743e-12
7.727272727272729291e-01 4.834829999999999908e-12
8.030303030303032052e-01 4.500430000000000040e-12
8.333333333333334814e-01 4.914320000000000006e-12
8.636363636363637575e-01 5.151020000000000401e-12
8.939393939393940336e-01 4.394729999999999794e-12
9.242424242424243097e-01 4.378750000000000098e-12
9.545454545454545858e-01 4.260179999999999726e-12
9.848484848484848619e-01 4.882340000000000379e-12
1.015151515151515138e+00 4.139379999999999675e-12
1.045454545454545414e+00 4.806410000000000317e-12
1.075757575757575690e+00 4.456909999999999838e-12
1.106060606060605966e+00 4.837489999999999817e-12
1.136363636363636243e+00 5.016460000000000215e-12
1.166666666666666963e+00 4.562159999999999616e-12
1.196969696969697239e+00 4.735349999999999608e-12
1.227272727272727515e+00 5.100390000000000242e-12
1.257575757575757791e+00 4.649640000000000370e-12
1.287878787878788067e+00 4.899659999999999743e-12
1.318181818181818343e+00 5.095509999999999964e-12
1.348484848484848619e+00 4.718479999999999903e-12
1.378787878787878896e+00 4.741570000000000363e-12
1.409090909090909172e+00 5.091510000000000385e-12
1.439393939393939448e+00 4.609229999999999738e-12
1.469696969696969724e+00 4.364540000000000303e-12
1.500000000000000000e+00 4.795749999999999634e-12
