-2.000000000000000000e+00 2.522439999999999822e-10
-1.959595959595959558e+00 2.516479999999999875e-10
-1.919191919191919116e+00 2.508800000000000167e-10
-1.878787878787878896e+00 2.513630000000000242e-10
-1.838383838383838453e+00 2.513630000000000242e-10
-1.797979797979798011e+00 2.510509999999999843e-10
-1.757575757575757569e+00 2.511930000000000134e-10
-1.717171717171717127e+00 2.511359999999999897e-10
-1.676767676767676685e+00 2.509369999999999887e-10
-1.636363636363636243e+00 2.512780000000000188e-10
-1.595959595959596022e+00 2.507669999999999779e-10
-1.555555555555555580e+00 2.519319999999999940e-10
-1.515151515151515138e+00 2.504249999999999908e-10
-1.474747474747474696e+00 2.519599999999999757e-10
-1.434343434343434254e+00 2.511640000000000231e-10
-1.393939393939394034e+00 2.512780000000000188e-10
-1.353535353535353369e+00 2.510219999999999941e-10
-1.313131313131313149e+00 2.508229999999999930e-10
-1.272727272727272707e+00 2.510790000000000177e-10
-1.232323232323232265e+00 2.507950000000000113e-10
-1.191919191919191823e+00 2.513920000000000145e-10
-1.151515151515151381e+00 2.507379999999999876e-10
-1.111111111111111160e+00 2.502549999999999801e-10
-1.070707070707070496e+00 2.508229999999999930e-10
-1.030303030303030276e+00 2.514770000000000199e-10
-9.898989898989898339e-01 2.512780000000000188e-10
-9.494949494949493918e-01 2.514489999999999865e-10
-9.090909090909089496e-01 2.521589999999999768e-10
-8.686868686868685074e-01 2.514770000000000199e-10
-8.282828282828282873e-01 2.509090000000000070e-10
-7.878787878787878451e-01 2.515050000000000016e-10
-7.474747474747474030e-01 2.521589999999999768e-10
-7.070707070707069608e-01 2.521589999999999768e-10
-6.666666666666665186e-01 2.511930000000000134e-10
-6.262626262626260765e-01 2.523579999999999779e-10
-5.858585858585856343e-01 2.513630000000000242e-10
-5.454545454545454142e-01 2.520169999999999994e-10
-5.050505050505049720e-01 2.509650000000000221e-10
-4.646464646464645298e-01 2.512499999999999854e-10
-4.242424242424240877e-01 2.516479999999999875e-10
-3.838383838383836455e-01 2.513070000000000091e-10
-3.434343434343432033e-01 2.504249999999999908e-10
-3.030303030303029832e-01 2.511080000000000080e-10
-2.626262626262625410e-01 2.527559999999999800e-10
-2.222222222222220989e-01 2.518750000000000220e-10
-1.818181818181816567e-01 2.520169999999999994e-10
-1.414141414141412145e-01 2.513920000000000145e-10
-1.010101010101007724e-01 2.516479999999999875e-10
-6.060606060606055223e-02 2.522439999999999822e-10
-2.020202020202011006e-02 2.517609999999999746e-10
2.020202020202033211e-02 2.513630000000000242e-10
6.060606060606099632e-02 2.526140000000000026e-10
1.010101010101012164e-01 2.533529999999999832e-10
1.414141414141414366e-01 2.517609999999999746e-10
1.818181818181821008e-01 2.528699999999999757e-10
2.222222222222223209e-01 2.526140000000000026e-10
2.626262626262629851e-01 2.515620000000000253e-10
3.030303030303032052e-01 2.526990000000000080e-10
3.434343434343434254e-01 2.521020000000000048e-10
3.838383838383840896e-01 2.512209999999999951e-10
4.242424242424243097e-01 2.527840000000000134e-10
4.646464646464649739e-01 2.533239999999999929e-10
5.050505050505051940e-01 2.524429999999999832e-10
5.454545454545458583e-01 2.521309999999999951e-10
5.858585858585860784e-01 2.525569999999999789e-10
6.262626262626262985e-01 2.520449999999999811e-10
6.666666666666669627e-01 2.524150000000000015e-10
7.070707070707071829e-01 2.524429999999999832e-10
7.474747474747478471e-01 2.526419999999999843e-10
7.878787878787880672e-01 2.528130000000000037e-10
8.282828282828287314e-01 2.517040000000000027e-10
8.686868686868689515e-01 2.519599999999999757e-10
9.090909090909091717e-01 2.518469999999999886e-10
9.494949494949498359e-01 2.523010000000000059e-10
9.898989898989900560e-01 2.517900000000000166e-10
1.030303030303030720e+00 2.515910000000000156e-10
1.070707070707070940e+00 2.524429999999999832e-10
1.111111111111111160e+00 2.525569999999999789e-10
1.151515151515151825e+00 2.529830000000000145e-10
1.191919191919192045e+00 2.512780000000000188e-10
1.232323232323232709e+00 2.523010000000000059e-10
1.272727272727272929e+00 2.533810000000000166e-10
1.313131313131313593e+00 2.528130000000000037e-10
1.353535353535353813e+00 2.523579999999999779e-10
1.393939393939394034e+00 2.522160000000000005e-10
1.434343434343434698e+00 2.525000000000000069e-10
1.474747474747474918e+00 2.532389999999999875e-10
1.515151515151515582e+00 2.525860000000000209e-10
1.555555555555555802e+00 2.530120000000000048e-10
1.595959595959596466e+00 2.532110000000000058e-10
1.636363636363636687e+00 2.528409999999999854e-10
1.676767676767676907e+00 2.529830000000000145e-10
1.717171717171717571e+00 2.535800000000000177e-10
1.757575757575757791e+00 2.524150000000000015e-10
1.797979797979798455e+00 2.526709999999999746e-10
1.838383838383838675e+00 2.516760000000000209e-10
1.878787878787878896e+00 2.526140000000000026e-10
1.919191919191919560e+00 2.523579999999999779e-10
1.959595959595959780e+00 2.533810000000000166e-10
2.000000000000000000e+00 2.531539999999999821e-10
