-2.000000000000000000e+00 1.329689999999999986e-09
-1.959595959595959558e+00 1.213729999999999902e-09
-1.919191919191919116e+00 1.177579999999999981e-09
-1.878787878787878896e+00 1.218280000000000057e-09
-1.838383838383838453e+00 1.184399999999999963e-09
-1.797979797979798011e+00 9.558860000000000635e-10
-1.757575757575757569e+00 1.126190000000000016e-09
-1.717171717171717127e+00 1.094810000000000069e-09
-1.676767676767676685e+00 1.263070000000000065e-09
-1.636363636363636243e+00 1.344919999999999942e-09
-1.595959595959596022e+00 1.139600000000000077e-09
-1.555555555555555580e+00 1.050020000000000061e-09
-1.515151515151515138e+00 9.940850000000000884e-10
-1.474747474747474696e+00 1.060249999999999932e-09
-1.434343434343434254e+00 1.168940000000000101e-09
-1.393939393939394034e+00 1.218500000000000083e-09
-1.353535353535353369e+00 1.133919999999999947e-09
-1.313131313131313149e+00 1.114589999999999974e-09
-1.272727272727272707e+00 1.195770000000000101e-09
-1.232323232323232265e+00 1.142560000000000033e-09
-1.191919191919191823e+00 1.032740000000000096e-09
-1.151515151515151381e+00 9.636169999999998995e-10
-1.111111111111111160e+00 1.073210000000000061e-09
-1.070707070707070496e+00 1.087990000000000086e-09
-1.030303030303030276e+00 1.160069999999999903e-09
-9.898989898989898339e-01 1.230099999999999919e-09
-9.494949494949493918e-01 1.309450000000000064e-09
-9.090909090909089496e-01 1.126190000000000016e-09
-8.686868686868685074e-01 1.117320000000000025e-09
-8.282828282828282873e-01 1.218280000000000057e-09
-7.878787878787878451e-01 1.209859999999999997e-09
-7.474747474747474030e-01 1.218729999999999988e-09
-7.070707070707069608e-01 1.080939999999999992e-09
-6.666666666666665186e-01 1.267389999999999901e-09
-6.262626262626260765e-01 1.256250000000000082e-09
-5.858585858585856343e-01 1.247830000000000022e-09
-5.454545454545454142e-01 1.359699999999999968e-09
-5.050505050505049720e-01 1.310129999999999900e-09
-4.646464646464645298e-01 1.200309999999999963e-09
-4.242424242424240877e-01 1.170749999999999912e-09
-3.838383838383836455e-01 1.202590000000000083e-09
-3.434343434343432033e-01 1.261249999999999961e-09
-3.030303030303029832e-01 1.095720000000000017e-09
-2.626262626262625410e-01 9.786230000000000026e-10
-2.222222222222220989e-01 1.092080000000000017e-09
-1.818181818181816567e-01 1.230330000000000031e-09
-1.414141414141412145e-01 1.183029999999999998e-09
-1.010101010101007724e-01 9.663449999999999340e-10
-6.060606060606055223e-02 1.025919999999999907e-09
-2.020202020202011006e-02 1.072979999999999949e-09
2.020202020202033211e-02 1.142110000000000102e-09
6.060606060606099632e-02 1.138920000000000033e-09
1.010101010101012164e-01 1.012270000000000062e-09
1.414141414141414366e-01 1.103909999999999965e-09
1.818181818181821008e-01 1.024549999999999941e-09
2.222222222222223209e-01 1.094579999999999957e-09
2.626262626262629851e-01 1.165069999999999990e-09
3.030303030303032052e-01 1.023419999999999967e-09
3.434343434343434254e-01 1.044110000000000027e-09
3.838383838383840896e-01 1.102310000000000095e-09
4.242424242424243097e-01 1.202590000000000083e-09
4.646464646464649739e-01 1.157340000000000059e-09
5.050505050505051940e-01 1.027279999999999993e-09
5.454545454545458583e-01 1.114589999999999974e-09
5.858585858585860784e-01 1.030459999999999976e-09
6.262626262626262985e-01 1.002949999999999933e-09
6.666666666666669627e-01 1.026139999999999933e-09
7.070707070707071829e-01 9.431529999999999173e-10
7.474747474747478471e-01 9.431529999999999173e-10
7.878787878787880672e-01 1.094359999999999931e-09
8.282828282828287314e-01 1.098450000000000069e-09
8.686868686868689515e-01 1.157569999999999964e-09
9.090909090909091717e-01 1.070709999999999914e-09
9.494949494949498359e-01 1.002500000000000002e-09
9.898989898989900560e-01 1.071160000000000052e-09
1.030303030303030720e+00 1.097310000000000009e-09
1.070707070707070940e+00 1.159610000000000093e-09
1.111111111111111160e+00 9.417890000000000035e-10
1.151515151515151825e+00 1.098900000000000000e-09
1.191919191919192045e+00 1.051839999999999958e-09
1.232323232323232709e+00 1.174389999999999912e-09
1.272727272727272929e+00 1.163929999999999929e-09
1.313131313131313593e+00 1.013869999999999933e-09
1.353535353535353813e+00 1.189400000000000049e-09
1.393939393939394034e+00 1.186220000000000066e-09
1.434343434343434698e+00 1.140739999999999930e-09
1.474747474747474918e+00 1.027279999999999993e-09
1.515151515151515582e+00 1.072530000000000018e-09
1.555555555555555802e+00 1.084579999999999991e-09
1.595959595959596466e+00 1.099809999999999948e-09
1.636363636363636687e+00 1.180759999999999963e-09
1.676767676767676907e+00 1.157109999999999947e-09
1.717171717171717571e+00 1.080939999999999992e-09
1.757575757575757791e+00 1.127330000000000076e-09
1.797979797979798455e+00 1.319910000000000046e-09
1.838383838383838675e+00 1.248970000000000082e-09
1.878787878787878896e+00 1.259879999999999996e-09
1.919191919191919560e+00 1.067749999999999958e-09
1.959595959595959780e+00 1.012730000000000079e-09
2.000000000000000000e+00 1.223279999999999936e-09
