-2.000000000000000000e+00 2.424960000000000072e-10
-1.959595959595959558e+00 2.411880000000000051e-10
-1.919191919191919116e+00 2.403640000000000191e-10
-1.878787878787878896e+00 2.417569999999999749e-10
-1.838383838383838453e+00 2.413309999999999910e-10
-1.797979797979798011e+00 2.411600000000000233e-10
-1.757575757575757569e+00 2.411600000000000233e-10
-1.717171717171717127e+00 2.412169999999999953e-10
-1.676767676767676685e+00 2.421830000000000104e-10
-1.636363636363636243e+00 2.407900000000000029e-10
-1.595959595959596022e+00 2.410459999999999760e-10
-1.555555555555555580e+00 2.423539999999999781e-10
-1.515151515151515138e+00 2.420980000000000050e-10
-1.474747474747474696e+00 2.413590000000000244e-10
-1.434343434343434254e+00 2.403930000000000094e-10
-1.393939393939394034e+00 2.406480000000000255e-10
-1.353535353535353369e+00 2.405920000000000104e-10
-1.313131313131313149e+00 2.416149999999999975e-10
-1.272727272727272707e+00 2.418419999999999803e-10
-1.232323232323232265e+00 2.405630000000000201e-10
-1.191919191919191823e+00 2.418990000000000039e-10
-1.151515151515151381e+00 2.407900000000000029e-10
-1.111111111111111160e+00 2.416720000000000212e-10
-1.070707070707070496e+00 2.419269999999999856e-10
-1.030303030303030276e+00 2.414730000000000201e-10
-9.898989898989898339e-01 2.421549999999999770e-10
-9.494949494949493918e-01 2.407900000000000029e-10
-9.090909090909089496e-01 2.419840000000000093e-10
-8.686868686868685074e-01 2.412449999999999770e-10
-8.282828282828282873e-01 2.411600000000000233e-10
-7.878787878787878451e-01 2.409610000000000223e-10
-7.474747474747474030e-01 2.413590000000000244e-10
-7.070707070707069608e-01 2.414159999999999964e-10
-6.666666666666665186e-01 2.426660000000000179e-10
-6.262626262626260765e-01 2.421259999999999867e-10
-5.858585858585856343e-01 2.415580000000000255e-10
-5.454545454545454142e-01 2.410750000000000180e-10
-5.050505050505049720e-01 2.423820000000000115e-10
-4.646464646464645298e-01 2.418990000000000039e-10
-4.242424242424240877e-01 2.409329999999999889e-10
-3.838383838383836455e-01 2.422970000000000061e-10
-3.434343434343432033e-01 2.433770000000000168e-10
-3.030303030303029832e-01 2.415010000000000018e-10
-2.626262626262625410e-01 2.419840000000000093e-10
-2.222222222222220989e-01 2.419840000000000093e-10
-1.818181818181816567e-01 2.421549999999999770e-10
-1.414141414141412145e-01 2.419840000000000093e-10
-1.010101010101007724e-01 2.422120000000000007e-10
-6.060606060606055223e-02 2.415010000000000018e-10
-2.020202020202011006e-02 2.411319999999999899e-10
2.020202020202033211e-02 2.431499999999999824e-10
6.060606060606099632e-02 2.427800000000000136e-10
1.010101010101012164e-01 2.421830000000000104e-10
1.414141414141414366e-01 2.414730000000000201e-10
1.818181818181821008e-01 2.424670000000000169e-10
2.222222222222223209e-01 2.426089999999999943e-10
2.626262626262629851e-01 2.424960000000000072e-10
3.030303030303032052e-01 2.426089999999999943e-10
3.434343434343434254e-01 2.419269999999999856e-10
3.838383838383840896e-01 2.418139999999999986e-10
4.242424242424243097e-01 2.415289999999999835e-10
4.646464646464649739e-01 2.413590000000000244e-10
5.050505050505051940e-01 2.425810000000000125e-10
5.454545454545458583e-01 2.427800000000000136e-10
5.858585858585860784e-01 2.430930000000000104e-10
6.262626262626262985e-01 2.410459999999999760e-10
6.666666666666669627e-01 2.422680000000000158e-10
7.070707070707071829e-01 2.417279999999999846e-10
7.474747474747478471e-01 2.421259999999999867e-10
7.878787878787880672e-01 2.432920000000000114e-10
8.282828282828287314e-01 2.422680000000000158e-10
8.686868686868689515e-01 2.424110000000000018e-10
9.090909090909091717e-01 2.417000000000000029e-10
9.494949494949498359e-01 2.411319999999999899e-10
9.898989898989900560e-01 2.421830000000000104e-10
1.030303030303030720e+00 2.424670000000000169e-10
1.070707070707070940e+00 2.421830000000000104e-10
1.111111111111111160e+00 2.417279999999999846e-10
1.151515151515151825e+00 2.417279999999999846e-10
1.191919191919192045e+00 2.422120000000000007e-10
1.232323232323232709e+00 2.415860000000000072e-10
1.272727272727272929e+00 2.427800000000000136e-10
1.313131313131313593e+00 2.420690000000000147e-10
1.353535353535353813e+00 2.418419999999999803e-10
1.393939393939394034e+00 2.422970000000000061e-10
1.434343434343434698e+00 2.421830000000000104e-10
1.474747474747474918e+00 2.424110000000000018e-10
1.515151515151515582e+00 2.423539999999999781e-10
1.555555555555555802e+00 2.417279999999999846e-10
1.595959595959596466e+00 2.429790000000000147e-10
1.636363636363636687e+00 2.430640000000000201e-10
1.676767676767676907e+00 2.435760000000000179e-10
1.717171717171717571e+00 2.418419999999999803e-10
1.757575757575757791e+00 2.422680000000000158e-10
1.797979797979798455e+00 2.424960000000000072e-10
1.838383838383838675e+00 2.421549999999999770e-10
1.878787878787878896e+00 2.434910000000000125e-10
1.919191919191919560e+00 2.414159999999999964e-10
1.959595959595959780e+00 2.426379999999999845e-10
2.000000000000000000e+00 2.416720000000000212e-10
