0	-7.7E-14	-1.73E-13	3.59E-11
0.0025	-2.2E-14	-2.24E-13	2.225E-11
0.005	1.63E-13	-1.82E-13	-4.16E-11
0.0075	-5.1E-14	-2.27E-13	6.515E-11
0.01	9.2E-14	-1.88E-13	4.315E-11
0.0125	7E-15	-2.29E-13	-5.77E-11
0.015	1.4E-14	-1.9E-13	2.97E-11
0.0175	-6E-14	-2.22E-13	-5.91E-11
0.02	-1.13E-13	-2.62E-13	-1.615E-11
0.0225	1.28E-13	-2.69E-13	3.765E-11
0.025	1.67E-13	-3.12E-13	-1.65E-11
0.0275	3.8E-14	-4.09E-13	5.2E-12
0.03	4.2E-13	-5.52E-13	5.15E-12
0.0325	6.58E-13	-8.1E-13	-3.76E-11
0.035	9.7E-13	-1.065E-12	2.05E-12
0.0375	1.351E-12	-1.645E-12	1.61E-11
0.04	2.008E-12	-2.401E-12	-6.765E-11
0.0425	3.44E-12	-3.651E-12	-3.45E-12
0.045	5.021E-12	-5.423E-12	-3.035E-11
0.0475	7.71E-12	-7.919E-12	3.85E-12
0.05	1.1419E-11	-1.1685E-11	6.795E-11
0.0525	1.6998E-11	-1.6968E-11	-3.235E-11
0.055	2.3801E-11	-2.4594E-11	3.635E-11
0.0575	3.4435E-11	-3.4408E-11	-1.9E-11
0.06	5.0043E-11	-4.9996E-11	-2.175E-11
0.0625	6.8161E-11	-6.8335E-11	5.165E-11
0.065	9.2538E-11	-9.4132E-11	-2.555E-11
0.0675	1.25423E-10	-1.25786E-10	2.8E-11
0.07	1.68421E-10	-1.69034E-10	1.935E-11
0.0725	2.22126E-10	-2.23893E-10	-9E-12
0.075	2.91673E-10	-2.93078E-10	3.495E-11
0.0775	3.81885E-10	-3.84706E-10	1.285E-11
0.08	4.88114E-10	-4.9228E-10	-1.56E-11
0.0825	6.22913E-10	-6.24621E-10	1.635E-11
0.085	7.80391E-10	-7.82356E-10	-6.11E-11
0.0875	9.67219E-10	-9.71645E-10	3.15E-12
0.09	1.18469E-09	-1.18836E-09	-4.935E-11
0.0925	1.4384E-09	-1.44158E-09	1.305E-11
0.095	1.72963E-09	-1.72842E-09	1.19E-11
0.0975	2.04891E-09	-2.05452E-09	-5.185E-11
0.1	2.39265E-09	-2.39558E-09	5.1E-11
0.1025	2.76802E-09	-2.76885E-09	-1.88E-11
0.105	3.16047E-09	-3.16783E-09	-4.455E-11
0.1075	3.57808E-09	-3.57685E-09	2.67E-11
0.11	3.99875E-09	-4.00145E-09	-2.595E-11
0.1125	4.395E-09	-4.40966E-09	4.85E-12
0.115	4.81239E-09	-4.81964E-09	-2.405E-11
0.1175	5.23607E-09	-5.23981E-09	-3.375E-11
0.12	5.65374E-09	-5.65763E-09	2.46E-11
0.1225	6.06238E-09	-6.06244E-09	2.935E-11
0.125	6.4487E-09	-6.45341E-09	-8.385E-11
0.1275	6.81471E-09	-6.82216E-09	1.205E-11
0.13	7.16784E-09	-7.17315E-09	6.705E-11
0.1325	7.49884E-09	-7.50736E-09	-6.74E-11
0.135	7.81494E-09	-7.82299E-09	2.86E-11
0.1375	8.11909E-09	-8.12223E-09	1.285E-11
0.14	8.40624E-09	-8.40234E-09	1.605E-11
0.1425	8.6779E-09	-8.67824E-09	-3.46E-11
0.145	8.9203E-09	-8.93065E-09	-3.295E-11
0.1475	9.15985E-09	-9.16871E-09	-6.9E-11
0.15	9.38997E-09	-9.39354E-09	3.03E-11
0.1525	9.59245E-09	-9.60274E-09	2.005E-11
0.155	9.79628E-09	-9.81108E-09	-3.615E-11
0.1575	9.98706E-09	-9.99913E-09	7.745E-11
0.16	1.017418E-08	-1.017699E-08	-3.65E-12
0.1625	1.033738E-08	-1.034206E-08	-3.8E-12
0.165	1.048359E-08	-1.049576E-08	-6.05E-12
0.1675	1.064181E-08	-1.065226E-08	-1.685E-11
0.17	1.077082E-08	-1.078926E-08	8.025E-11
0.1725	1.095804E-08	-1.096378E-08	7.125E-11
0.175	1.109021E-08	-1.109154E-08	-5.435E-11
0.1775	1.120739E-08	-1.123654E-08	-2.11E-11
0.18	1.133989E-08	-1.135381E-08	5.48E-11
0.1825	1.14802E-08	-1.1475E-08	1.685E-11
0.185	1.16173E-08	-1.15998E-08	-1.915E-11
0.1875	1.17347E-08	-1.17277E-08	4.1E-11
0.19	1.18153E-08	-1.18145E-08	2.11E-11
0.1925	1.18931E-08	-1.1914E-08	-2.35E-12
0.195	1.20125E-08	-1.20044E-08	6.415E-11
0.1975	1.20922E-08	-1.20934E-08	-4.27E-11
0.2	1.21927E-08	-1.21884E-08	-3.475E-11
0.2025	1.22722E-08	-1.22861E-08	2.92E-11
0.205	1.23617E-08	-1.23626E-08	-2.235E-11
0.2075	1.24714E-08	-1.24574E-08	-2.95E-11
0.21	1.25591E-08	-1.25471E-08	6.01E-11
0.2125	1.26082E-08	-1.2616E-08	-1.75E-12
0.215	1.269E-08	-1.26916E-08	-7.85E-12
0.2175	1.27659E-08	-1.2776E-08	2.88E-11
0.22	1.2853E-08	-1.28519E-08	1.685E-11
0.2225	1.29142E-08	-1.29196E-08	2.145E-11
0.225	1.29878E-08	-1.29869E-08	5.835E-11
0.2275	1.30649E-08	-1.30702E-08	-5.3E-11
0.23	1.31545E-08	-1.31376E-08	2.815E-11
0.2325	1.32219E-08	-1.32026E-08	9.2E-12
0.235	1.32601E-08	-1.32715E-08	-5.335E-11
0.2375	1.33261E-08	-1.33348E-08	8.475E-11
0.24	1.34366E-08	-1.34205E-08	2.62E-11
0.2425	1.34991E-08	-1.34827E-08	3.275E-11
0.245	1.35453E-08	-1.35228E-08	3.14E-11
0.2475	1.35959E-08	-1.36041E-08	-1.315E-11
0.25	1.36469E-08	-1.36479E-08	-5.11E-11
0.2525	1.3707E-08	-1.37112E-08	6.745E-11
0.255	1.37592E-08	-1.37509E-08	-6.1E-12
0.2575	1.38199E-08	-1.38281E-08	-6.575E-11
0.26	1.38676E-08	-1.3883E-08	7.245E-11
0.2625	1.39256E-08	-1.39352E-08	1.045E-11
0.265	1.39836E-08	-1.39944E-08	3.75E-12
0.2675	1.40386E-08	-1.40511E-08	-1.155E-11
0.27	1.40871E-08	-1.41043E-08	3.545E-11
0.2725	1.41739E-08	-1.41548E-08	-3.65E-12
0.275	1.42243E-08	-1.42066E-08	1.905E-11
0.2775	1.42447E-08	-1.425E-08	-6.32E-11
0.28	1.42923E-08	-1.42957E-08	3.445E-11
0.2825	1.43519E-08	-1.4351E-08	2.35E-12
0.285	1.44042E-08	-1.44198E-08	-1.95E-11
0.2875	1.44493E-08	-1.44457E-08	1.31E-11
0.29	1.45012E-08	-1.45183E-08	-1.915E-11
0.2925	1.45422E-08	-1.45556E-08	-6.045E-11
0.295	1.45816E-08	-1.46045E-08	4.32E-11
0.2975	1.4634E-08	-1.46489E-08	1.65E-12
0.3	1.46787E-08	-1.46964E-08	-3.075E-11
0.3025	1.47012E-08	-1.4736E-08	4.54E-11
0.305	1.47286E-08	-1.47415E-08	2.37E-11
0.3075	1.47716E-08	-1.47908E-08	-4.455E-11
0.31	1.48169E-08	-1.48271E-08	2.905E-11
0.3125	1.48565E-08	-1.48735E-08	-1.93E-11
0.315	1.4902E-08	-1.49126E-08	8.26E-11
0.3175	1.4959E-08	-1.4966E-08	1.935E-11
0.32	1.49908E-08	-1.50094E-08	1.335E-11
0.3225	1.50389E-08	-1.50545E-08	-1.52E-11
0.325	1.51147E-08	-1.51025E-08	3.59E-11
0.3275	1.51563E-08	-1.51362E-08	-5.63E-11
0.33	1.51705E-08	-1.51851E-08	2.445E-11
0.3325	1.52005E-08	-1.52057E-08	2.855E-11
0.335	1.52433E-08	-1.52587E-08	-3.75E-11
0.3375	1.52836E-08	-1.52939E-08	2.85E-12
0.34	1.53175E-08	-1.5337E-08	-5.11E-11
0.3425	1.53539E-08	-1.53705E-08	-4.87E-11
0.345	1.53604E-08	-1.53771E-08	2.525E-11
0.3475	1.53925E-08	-1.5397E-08	-6.25E-12
0.35	1.54364E-08	-1.54549E-08	-6.015E-11
0.3525	1.54774E-08	-1.54919E-08	2.08E-11
0.355	1.55052E-08	-1.5533E-08	-7.65E-12
0.3575	1.55363E-08	-1.55641E-08	-2.645E-11
0.36	1.55686E-08	-1.55896E-08	1.335E-11
0.3625	1.56096E-08	-1.56446E-08	1.25E-12
0.365	1.56002E-08	-1.5627E-08	8.23E-11
0.3675	1.56386E-08	-1.56542E-08	5.375E-11
0.37	1.54951E-08	-1.55644E-08	-5.995E-11
0.3725	1.55349E-08	-1.55501E-08	2.195E-11
0.375	1.55767E-08	-1.5588E-08	7.325E-11
0.3775	1.56104E-08	-1.56272E-08	-7.14E-11
0.38	1.56299E-08	-1.5646E-08	2.8E-12
0.3825	1.56641E-08	-1.56716E-08	-1.905E-11
0.385	1.56843E-08	-1.57198E-08	1.28E-11
0.3875	1.57176E-08	-1.5728E-08	-9.3E-12
0.39	1.57552E-08	-1.57688E-08	-3.075E-11
0.3925	1.57977E-08	-1.58282E-08	-5.67E-11
0.395	1.57921E-08	-1.58489E-08	5.415E-11
0.3975	1.58049E-08	-1.58322E-08	5.7E-12
0.4	1.58478E-08	-1.58631E-08	-6.41E-11
0.4025	1.58785E-08	-1.58975E-08	3.39E-11
0.405	1.59221E-08	-1.59415E-08	-1.58E-11
0.4075	1.59545E-08	-1.59774E-08	2.92E-11
0.41	1.6012E-08	-1.60051E-08	0
0.4125	1.60169E-08	-1.60366E-08	-1.235E-11
0.415	1.60925E-08	-1.60858E-08	1.1E-12
0.4175	1.61288E-08	-1.61055E-08	5.56E-11
0.42	1.61236E-08	-1.61455E-08	-3.545E-11
0.4225	1.61571E-08	-1.61719E-08	-1.58E-11
0.425	1.61881E-08	-1.62076E-08	2.13E-11
0.4275	1.62394E-08	-1.62427E-08	-6.18E-11
0.43	1.61964E-08	-1.62101E-08	1.42E-11
0.4325	1.62382E-08	-1.62434E-08	-2.965E-11
0.435	1.62556E-08	-1.62662E-08	-3.715E-11
0.4375	1.61756E-08	-1.62208E-08	6.25E-12
0.44	1.62101E-08	-1.62076E-08	1.9E-12
0.4425	1.61234E-08	-1.6138E-08	-2.905E-11
0.445	1.61493E-08	-1.61653E-08	2.84E-11
0.4475	1.61834E-08	-1.62093E-08	-1.03E-11
0.45	1.62178E-08	-1.62377E-08	-6.035E-11
0.4525	1.62545E-08	-1.627E-08	2.035E-11
0.455	1.61839E-08	-1.63069E-08	-5.455E-11
0.4575	1.61566E-08	-1.61875E-08	3.225E-11
0.46	1.61341E-08	-1.61651E-08	3.105E-11
0.4625	1.61499E-08	-1.61607E-08	-2.76E-11
0.465	1.61681E-08	-1.61812E-08	1.025E-11
0.4675	1.60645E-08	-1.60788E-08	4.3E-11
0.47	1.6095E-08	-1.61017E-08	-6.43E-11
0.4725	1.61184E-08	-1.61355E-08	1.05E-11
0.475	1.61441E-08	-1.61567E-08	2.745E-11
0.4775	1.61687E-08	-1.61835E-08	-2.19E-11
0.48	1.61883E-08	-1.62083E-08	-1.14E-11
0.4825	1.62159E-08	-1.62387E-08	-5.155E-11
0.485	1.62441E-08	-1.62564E-08	-5.92E-11
0.4875	1.62604E-08	-1.62785E-08	3.335E-11
0.49	1.61558E-08	-1.63029E-08	1.99E-11
0.4925	1.61787E-08	-1.61909E-08	-2.505E-11
0.495	1.61837E-08	-1.62012E-08	8.88E-11
0.4975	1.62392E-08	-1.62208E-08	-5.15E-12
0.5	1.62702E-08	-1.62628E-08	2.095E-11