0	-7.7E-14	-1.73E-13	3.59E-11
0.0025	-2.2E-14	-2.24E-13	2.225E-11
0.005	1.63E-13	-1.82E-13	-4.16E-11
0.0075	-5.1E-14	-2.27E-13	6.515E-11
0.01	9.2E-14	-1.88E-13	4.315E-11
0.0125	7E-15	-2.29E-13	-5.77E-11
0.015	1.4E-14	-1.9E-13	2.97E-11
0.0175	-6E-14	-2.22E-13	-5.91E-11
0.02	-1.13E-13	-2.62E-13	-1.615E-11
0.0225	1.28E-13	-2.69E-13	3.765E-11
0.025	1.67E-13	-3.12E-13	-1.65E-11
0.0275	3.8E-14	-4.09E-13	5.2E-12
0.03	4.2E-13	-5.52E-13	5.15E-12
0.0325	6.58E-13	-8.1E-13	-3.76E-11
0.035	9.7E-13	-1.065E-12	2.05E-12
0.0375	1.351E-12	-1.645E-12	1.61E-11
0.04	2.008E-12	-2.401E-12	-6.765E-11
0.0425	3.44E-12	-3.651E-12	-3.45E-12
0.045	5.021E-12	-5.423E-12	-3.035E-11
0.0475	7.71E-12	-7.919E-12	3.85E-12
0.05	1.1419E-11	-1.1685E-11	6.795E-11
0.0525	1.6998E-11	-1.6968E-11	-3.235E-11
0.055	2.3801E-11	-2.4594E-11	3.635E-11
0.0575	3.4435E-11	-3.4408E-11	-1.9E-11
0.06	5.0043E-11	-4.9996E-11	-2.175E-11
0.0625	6.8161E-11	-6.8335E-11	5.165E-11
0.065	9.2538E-11	-9.4132E-11	-2.555E-11
0.0675	1.25423E-10	-1.25786E-10	2.8E-11
0.07	1.68421E-10	-1.69034E-10	1.935E-11
0.0725	2.22126E-10	-2.23893E-10	-9E-12
0.075	2.91673E-10	-2.93078E-10	3.495E-11
0.0775	3.81885E-10	-3.84706E-10	1.285E-11
0.08	4.88114E-10	-4.9228E-10	-1.56E-11
0.0825	6.22913E-10	-6.24621E-10	1.635E-11
0.085	7.80391E-10	-7.82356E-10	-6.11E-11
0.0875	9.67219E-10	-9.71645E-10	3.15E-12
0.09	1.18469E-09	-1.18836E-09	-4.935E-11
0.0925	1.4384E-09	-1.44158E-09	1.305E-11
0.095	1.72963E-09	-1.72842E-09	1.19E-11
0.0975	2.04891E-09	-2.05452E-09	-5.185E-11
0.1	2.39265E-09	-2.39558E-09	5.1E-11
0.1025	2.76802E-09	-2.76885E-09	-1.88E-11
0.105	3.16047E-09	-3.16783E-09	-4.455E-11
0.1075	3.57808E-09	-3.57685E-09	2.67E-11
0.11	3.99875E-09	-4.00145E-09	-2.595E-11
0.1125	4.395E-09	-4.40966E-09	4.85E-12
0.115	4.81239E-09	-4.81964E-09	-2.405E-11
0.1175	5.23607E-09	-5.23981E-09	-3.375E-11
0.12	5.65374E-09	-5.65763E-09	2.46E-11
0.1225	6.06238E-09	-6.06244E-09	2.935E-11
0.125	6.4487E-09	-6.45341E-09	-8.385E-11
0.1275	6.81471E-09	-6.82216E-09	1.205E-11
0.13	7.16784E-09	-7.17315E-09	6.705E-11
0.1325	7.49884E-09	-7.50736E-09	-6.74E-11
0.135	7.81494E-09	-7.82299E-09	2.86E-11
0.1375	8.11909E-09	-8.12223E-09	1.285E-11
0.14	8.40624E-09	-8.40234E-09	1.605E-11
0.1425	8.6779E-09	-8.67824E-09	-3.46E-11
0.145	8.9203E-09	-8.93065E-09	-3.295E-11
0.1475	9.15985E-09	-9.16871E-09	-6.9E-11
0.15	9.38997E-09	-9.39354E-09	3.03E-11
0.1525	9.59245E-09	-9.60274E-09	2.005E-11
0.155	9.79628E-09	-9.81108E-09	-3.615E-11
0.1575	9.98706E-09	-9.99913E-09	7.745E-11
0.16	1.017418E-08	-1.017699E-08	-3.65E-12
0.1625	1.033738E-08	-1.034206E-08	-3.8E-12
0.165	1.048359E-08	-1.049576E-08	-6.05E-12
0.1675	1.064181E-08	-1.065226E-08	-1.685E-11
0.17	1.077082E-08	-1.078926E-08	8.025E-11
0.1725	1.095804E-08	-1.096378E-08	7.125E-11
0.175	1.109021E-08	-1.109154E-08	-5.435E-11
0.1775	1.120739E-08	-1.123654E-08	-2.11E-11
0.18	1.133989E-08	-1.135381E-08	5.48E-11
0.1825	1.14802E-08	-1.1475E-08	1.685E-11
0.185	1.16173E-08	-1.15998E-08	-1.915E-11
0.1875	1.17347E-08	-1.17277E-08	4.1E-11
0.19	1.18153E-08	-1.18145E-08	2.11E-11
0.1925	1.18931E-08	-1.1914E-08	-2.35E-12
0.195	1.20125E-08	-1.20044E-08	6.415E-11
0.1975	1.20922E-08	-1.20934E-08	-4.27E-11
0.2	1.21927E-08	-1.21884E-08	-3.475E-11
0.2025	1.22722E-08	-1.22861E-08	2.92E-11
0.205	1.23617E-08	-1.23626E-08	-2.235E-11
0.2075	1.24714E-08	-1.24574E-08	-2.95E-11
0.21	1.25591E-08	-1.25471E-08	6.01E-11
0.2125	1.26082E-08	-1.2616E-08	-1.75E-12
0.215	1.269E-08	-1.26916E-08	-7.85E-12
0.2175	1.27659E-08	-1.2776E-08	2.88E-11
0.22	1.2853E-08	-1.28519E-08	1.685E-11
0.2225	1.29142E-08	-1.29196E-08	2.145E-11
0.225	1.29878E-08	-1.29869E-08	5.835E-11
0.2275	1.30649E-08	-1.30702E-08	-5.3E-11
0.23	1.31545E-08	-1.31376E-08	2.815E-11
0.2325	1.32219E-08	-1.32026E-08	9.2E-12
0.235	1.32601E-08	-1.32715E-08	-5.335E-11
0.2375	1.33261E-08	-1.33348E-08	8.475E-11
0.24	1.34366E-08	-1.34205E-08	2.62E-11
0.2425	1.34991E-08	-1.34827E-08	3.275E-11
0.245	1.35453E-08	-1.35228E-08	3.14E-11
0.2475	1.35959E-08	-1.36041E-08	-1.315E-11
0.25	1.36469E-08	-1.36479E-08	-5.11E-11
0.2525	1.3707E-08	-1.37112E-08	6.745E-11
0.255	1.37592E-08	-1.37509E-08	-6.1E-12
0.2575	1.38199E-08	-1.38281E-08	-6.575E-11
0.26	1.38676E-08	-1.3883E-08	7.245E-11
0.2625	1.39256E-08	-1.39352E-08	1.045E-11
0.265	1.39836E-08	-1.39944E-08	3.75E-12
0.2675	1.40386E-08	-1.40511E-08	-1.155E-11
0.27	1.40871E-08	-1.41043E-08	3.545E-11
0.2725	1.41739E-08	-1.41548E-08	-3.65E-12
0.275	1.42243E-08	-1.42066E-08	1.905E-11
0.2775	1.42447E-08	-1.425E-08	-6.32E-11
0.28	1.42923E-08	-1.42957E-08	3.445E-11
0.2825	1.43519E-08	-1.4351E-08	2.35E-12
0.285	1.44042E-08	-1.44198E-08	-1.95E-11
0.2875	1.44493E-08	-1.44457E-08	1.31E-11
0.29	1.45012E-08	-1.45183E-08	-1.915E-11
0.2925	1.45422E-08	-1.45556E-08	-6.045E-11
0.295	1.45816E-08	-1.46045E-08	4.32E-11
0.2975	1.4634E-08	-1.46489E-08	1.65E-12
0.3	1.46787E-08	-1.46964E-08	-3.075E-11
0.3025	1.47012E-08	-1.4736E-08	4.54E-11
0.305	1.47286E-08	-1.47415E-08	2.37E-11
0.3075	1.47716E-08	-1.47908E-08	-4.455E-11
0.31	1.48169E-08	-1.48271E-08	2.905E-11
0.3125	1.48565E-08	-1.48735E-08	-1.93E-11
0.315	1.4902E-08	-1.49126E-08	8.26E-11
0.3175	1.4959E-08	-1.4966E-08	1.935E-11
0.32	1.49908E-08	-1.50094E-08	1.335E-11
0.3225	1.50389E-08	-1.50545E-08	-1.52E-11
0.325	1.51147E-08	-1.51025E-08	3.59E-11
0.3275	1.51563E-08	-1.51362E-08	-5.63E-11
0.33	1.51705E-08	-1.51851E-08	2.445E-11
0.3325	1.52005E-08	-1.52057E-08	2.855E-11
0.335	1.52433E-08	-1.52587E-08	-3.75E-11
0.3375	1.52836E-08	-1.52939E-08	2.85E-12
0.34	1.53175E-08	-1.5337E-08	-5.11E-11
0.3425	1.53539E-08	-1.53705E-08	-4.87E-11
0.345	1.53604E-08	-1.53771E-08	2.525E-11
0.3475	1.53925E-08	-1.5397E-08	-6.25E-12
0.35	1.54364E-08	-1.54549E-08	-6.015E-11
0.3525	1.54774E-08	-1.54919E-08	2.08E-11
0.355	1.55052E-08	-1.5533E-08	-7.65E-12
0.3575	1.55363E-08	-1.55641E-08	-2.645E-11
0.36	1.55686E-08	-1.55896E-08	1.335E-11
0.3625	1.56096E-08	-1.56446E-08	1.25E-12
0.365	1.56002E-08	-1.5627E-08	8.23E-11
0.3675	1.56386E-08	-1.56542E-08	5.375E-11
0.37	1.54951E-08	-1.55644E-08	-5.995E-11
0.3725	1.55349E-08	-1.55501E-08	2.195E-11
0.375	1.55767E-08	-1.5588E-08	7.325E-11
0.3775	1.56104E-08	-1.56272E-08	-7.14E-11
0.38	1.56299E-08	-1.5646E-08	2.8E-12
0.3825	1.56641E-08	-1.56716E-08	-1.905E-11
0.385	1.56843E-08	-1.57198E-08	1.28E-11
0.3875	1.57176E-08	-1.5728E-08	-9.3E-12
0.39	1.57552E-08	-1.57688E-08	-3.075E-11
0.3925	1.57977E-08	-1.58282E-08	-5.67E-11
0.395	1.57921E-08	-1.58489E-08	5.415E-11
0.3975	1.58049E-08	-1.58322E-08	5.7E-12
0.4	1.58478E-08	-1.58631E-08	-6.41E-11
0.4025	1.58785E-08	-1.58975E-08	3.39E-11
0.405	1.59221E-08	-1.59415E-08	-1.58E-11
0.4075	1.59545E-08	-1.59774E-08	2.92E-11
0.41	1.6012E-08	-1.60051E-08	0
0.4125	1.60169E-08	-1.60366E-08	-1.235E-11
0.415	1.60925E-08	-1.60858E-08	1.1E-12
0.4175	1.61288E-08	-1.61055E-08	5.56E-11
0.42	1.61236E-08	-1.61455E-08	-3.545E-11
0.4225	1.61571E-08	-1.61719E-08	-1.58E-11
0.425	1.61881E-08	-1.62076E-08	2.13E-11
0.4275	1.62394E-08	-1.62427E-08	-6.18E-11
0.43	1.61964E-08	-1.62101E-08	1.42E-11
0.4325	1.62382E-08	-1.62434E-08	-2.965E-11
0.435	1.62556E-08	-1.62662E-08	-3.715E-11
0.4375	1.61756E-08	-1.62208E-08	6.25E-12
0.44	1.62101E-08	-1.62076E-08	1.9E-12
0.4425	1.61234E-08	-1.6138E-08	-2.905E-11
0.445	1.61493E-08	-1.61653E-08	2.84E-11
0.4475	1.61834E-08	-1.62093E-08	-1.03E-11
0.45	1.62178E-08	-1.62377E-08	-6.035E-11
0.4525	1.62545E-08	-1.627E-08	2.035E-11
0.455	1.61839E-08	-1.63069E-08	-5.455E-11
0.4575	1.61566E-08	-1.61875E-08	3.225E-11
0.46	1.61341E-08	-1.61651E-08	3.105E-11
0.4625	1.61499E-08	-1.61607E-08	-2.76E-11
0.465	1.61681E-08	-1.61812E-08	1.025E-11
0.4675	1.60645E-08	-1.60788E-08	4.3E-11
0.47	1.6095E-08	-1.61017E-08	-6.43E-11
0.4725	1.61184E-08	-1.61355E-08	1.05E-11
0.475	1.61441E-08	-1.61567E-08	2.745E-11
0.4775	1.61687E-08	-1.61835E-08	-2.19E-11
0.48	1.61883E-08	-1.62083E-08	-1.14E-11
0.4825	1.62159E-08	-1.62387E-08	-5.155E-11
0.485	1.62441E-08	-1.62564E-08	-5.92E-11
0.4875	1.62604E-08	-1.62785E-08	3.335E-11
0.49	1.61558E-08	-1.63029E-08	1.99E-11
0.4925	1.61787E-08	-1.61909E-08	-2.505E-11
0.495	1.61837E-08	-1.62012E-08	8.88E-11
0.4975	1.62392E-08	-1.62208E-08	-5.15E-12
0.5	1.62702E-08	-1.62628E-08	2.095E-11
0	1.7E-14	-1.81E-13	-5.125E-11
0.0025	1.96E-13	-2E-13	-1.22E-11
0.005	-8.8E-14	-1.61E-13	1.555E-11
0.0075	-2.5E-14	-1.74E-13	-3.92E-11
0.01	-2.02E-13	-1.85E-13	-3.045E-11
0.0125	-1.6E-14	-1.62E-13	-1.835E-11
0.015	-1.02E-13	-1.86E-13	5.33E-11
0.0175	2.6E-14	-1.62E-13	-2.14E-11
0.02	-2.7E-14	-2.29E-13	-6.095E-11
0.0225	-1.42E-13	-1.92E-13	4.005E-11
0.025	-2.21E-13	-2.19E-13	-1.26E-11
0.0275	1.29E-13	-2.73E-13	7.445E-11
0.03	2.29E-13	-2.82E-13	5.55E-11
0.0325	1.74E-13	-3.34E-13	-4.4E-11
0.035	1.49E-13	-3.55E-13	4.37E-11
0.0375	2.32E-13	-5.31E-13	-5.965E-11
0.04	5.52E-13	-6.52E-13	-3.835E-11
0.0425	7.59E-13	-9.17E-13	8.2E-11
0.045	1.233E-12	-1.456E-12	-5.2E-12
0.0475	1.934E-12	-2.225E-12	-2.555E-11
0.05	3.205E-12	-3.35E-12	6.59E-11
0.0525	5.027E-12	-5.215E-12	-3.625E-11
0.055	7.433E-12	-7.735E-12	-1.23E-11
0.0575	1.1459E-11	-1.1675E-11	2.5E-12
0.06	1.6825E-11	-1.7235E-11	-6.145E-11
0.0625	2.5102E-11	-2.5025E-11	4.085E-11
0.065	3.6103E-11	-3.6607E-11	1.435E-11
0.0675	5.1585E-11	-5.2077E-11	9.35E-12
0.07	7.2753E-11	-7.3104E-11	1.72E-11
0.0725	1.00482E-10	-1.00774E-10	2.34E-11
0.075	1.37836E-10	-1.3848E-10	1.46E-11
0.0775	1.86414E-10	-1.86927E-10	-5.85E-12
0.08	2.50658E-10	-2.50069E-10	1.51E-11
0.0825	3.30228E-10	-3.31427E-10	1.65E-11
0.085	4.31067E-10	-4.32376E-10	-6.335E-11
0.0875	5.5782E-10	-5.5762E-10	3.825E-11
0.09	7.09894E-10	-7.10649E-10	-6.47E-11
0.0925	8.9614E-10	-8.94916E-10	-1.32E-11
0.095	1.110494E-09	-1.113632E-09	5.35E-11
0.0975	1.36841E-09	-1.36942E-09	-2.375E-11
0.1	1.66753E-09	-1.66796E-09	4.13E-11
0.1025	2.00913E-09	-2.00968E-09	-2.395E-11
0.105	2.39174E-09	-2.3921E-09	4.125E-11
0.1075	2.83094E-09	-2.82941E-09	-4.65E-12
0.11	3.30467E-09	-3.30185E-09	-9.65E-12
0.1125	3.82349E-09	-3.82623E-09	1.43E-11
0.115	4.38176E-09	-4.38691E-09	-1.175E-11
0.1175	4.98155E-09	-4.98475E-09	-2.175E-11
0.12	5.6072E-09	-5.61107E-09	5.655E-11
0.1225	6.26625E-09	-6.25662E-09	-1.28E-11
0.125	6.9124E-09	-6.91636E-09	-4.73E-11
0.1275	7.57912E-09	-7.57574E-09	5.6E-12
0.13	8.23071E-09	-8.2281E-09	-3E-13
0.1325	8.86188E-09	-8.85475E-09	1.76E-11
0.135	9.45102E-09	-9.45424E-09	1.047E-10
0.1375	1.001274E-08	-1.000695E-08	-4.84E-11
0.14	1.053035E-08	-1.054037E-08	5.98E-11
0.1425	1.101729E-08	-1.101874E-08	4.46E-11
0.145	1.15006E-08	-1.148692E-08	2.795E-11
0.1475	1.19377E-08	-1.19166E-08	7.45E-12
0.15	1.23618E-08	-1.23377E-08	1.97E-11
0.1525	1.27657E-08	-1.27489E-08	-2.4E-12
0.155	1.31606E-08	-1.31441E-08	-3.45E-11
0.1575	1.35423E-08	-1.35234E-08	-4.505E-11
0.16	1.3902E-08	-1.38856E-08	8.23E-11
0.1625	1.42396E-08	-1.4226E-08	-2.17E-11
0.165	1.45748E-08	-1.45563E-08	-2.95E-12
0.1675	1.48767E-08	-1.4866E-08	2.42E-11
0.17	1.51712E-08	-1.51598E-08	-2.2E-11
0.1725	1.54426E-08	-1.54306E-08	7.945E-11
0.175	1.57056E-08	-1.56961E-08	6.16E-11
0.1775	1.59636E-08	-1.59466E-08	-8.24E-11
0.18	1.62115E-08	-1.61916E-08	9.3E-12
0.1825	1.6445E-08	-1.64291E-08	4.86E-11
0.185	1.66634E-08	-1.66518E-08	-2.645E-11
0.1875	1.68774E-08	-1.68695E-08	9.7E-12
0.19	1.70891E-08	-1.70791E-08	-4.035E-11
0.1925	1.72868E-08	-1.72806E-08	-4.285E-11
0.195	1.74775E-08	-1.74708E-08	5.54E-11
0.1975	1.76685E-08	-1.76529E-08	1.115E-11
0.2	1.7842E-08	-1.78273E-08	-3.52E-11
0.2025	1.79966E-08	-1.79895E-08	8.66E-11
0.205	1.81595E-08	-1.8145E-08	-3.755E-11
0.2075	1.83239E-08	-1.83037E-08	8.17E-11
0.21	1.84564E-08	-1.84372E-08	4.695E-11
0.2125	1.85858E-08	-1.85722E-08	-3.085E-11
0.215	1.87061E-08	-1.8701E-08	-1.59E-11
0.2175	1.88355E-08	-1.88362E-08	5.57E-11
0.22	1.89606E-08	-1.89496E-08	-6.915E-11
0.2225	1.90746E-08	-1.90679E-08	9.3E-12
0.225	1.91819E-08	-1.9182E-08	1.015E-11
0.2275	1.93173E-08	-1.92939E-08	-6.6E-12
0.23	1.94281E-08	-1.94036E-08	-3.635E-11
0.2325	1.95193E-08	-1.95112E-08	-3.51E-11
0.235	1.96164E-08	-1.96124E-08	-3.105E-11
0.2375	1.97185E-08	-1.97138E-08	7.31E-11
0.24	1.98227E-08	-1.98215E-08	1.105E-11
0.2425	1.99407E-08	-1.99184E-08	-2.6E-11
0.245	2.0084E-08	-2.00869E-08	2.97E-11
0.2475	2.02675E-08	-2.02074E-08	-2.65E-12
0.25	2.02328E-08	-2.02245E-08	6.405E-11
0.2525	2.03526E-08	-2.02993E-08	5.65E-11
0.255	2.03929E-08	-2.039E-08	-6.59E-11
0.2575	2.04911E-08	-2.04654E-08	4.4E-11
0.26	2.05473E-08	-2.05797E-08	4.26E-11
0.2625	2.06281E-08	-2.06303E-08	-6.695E-11
0.265	2.07155E-08	-2.07123E-08	1.695E-11
0.2675	2.08191E-08	-2.08605E-08	-5.66E-11
0.27	2.08716E-08	-2.08712E-08	-7.32E-11
0.2725	2.09483E-08	-2.09496E-08	3.15E-11
0.275	2.10207E-08	-2.10228E-08	-1.375E-11
0.2775	2.10908E-08	-2.10937E-08	-7.085E-11
0.28	2.11931E-08	-2.11628E-08	1.91E-11
0.2825	2.12574E-08	-2.12442E-08	-1.765E-11
0.285	2.13144E-08	-2.1307E-08	-2.65E-12
0.2875	2.13705E-08	-2.13732E-08	-2.475E-11
0.29	2.14365E-08	-2.1443E-08	9.65E-12
0.2925	2.15092E-08	-2.15089E-08	2.5E-12
0.295	2.15722E-08	-2.15763E-08	3.275E-11
0.2975	2.16346E-08	-2.16381E-08	-5.77E-11
0.3	2.16982E-08	-2.16948E-08	5.44E-11
0.3025	2.17713E-08	-2.17599E-08	2.515E-11
0.305	2.18272E-08	-2.18265E-08	8.2E-12
0.3075	2.18814E-08	-2.18851E-08	-1.05E-11
0.31	2.19424E-08	-2.1947E-08	-1.25E-11
0.3125	2.1999E-08	-2.20064E-08	-5.19E-11
0.315	2.20623E-08	-2.20653E-08	2.67E-11
0.3175	2.21081E-08	-2.21143E-08	-3.67E-11
0.32	2.21733E-08	-2.21738E-08	-3.935E-11
0.3225	2.22486E-08	-2.22265E-08	4.2E-12
0.325	2.23009E-08	-2.22781E-08	1.1E-12
0.3275	2.23545E-08	-2.23388E-08	5.165E-11
0.33	2.23893E-08	-2.23898E-08	4.155E-11
0.3325	2.24624E-08	-2.24619E-08	-6.32E-11
0.335	2.25081E-08	-2.25118E-08	2.565E-11
0.3375	2.25547E-08	-2.25598E-08	5.34E-11
0.34	2.26073E-08	-2.26112E-08	-9.625E-11
0.3425	2.26915E-08	-2.26627E-08	5.4E-11
0.345	2.27366E-08	-2.27107E-08	2.7E-12
0.3475	2.27817E-08	-2.27685E-08	-2.785E-11
0.35	2.28131E-08	-2.2812E-08	-1.45E-12
0.3525	2.28632E-08	-2.28679E-08	-2.44E-11
0.355	2.29402E-08	-2.29198E-08	-1.14E-11
0.3575	2.29628E-08	-2.2971E-08	5.99E-11
0.36	2.30101E-08	-2.30226E-08	6.8E-12
0.3625	2.30723E-08	-2.30719E-08	-3.005E-11
0.365	2.31453E-08	-2.31192E-08	3.035E-11
0.3675	2.31967E-08	-2.31726E-08	1.87E-11
0.37	2.32257E-08	-2.32217E-08	4.075E-11
0.3725	2.32642E-08	-2.32555E-08	5.25E-11
0.375	2.32571E-08	-2.33119E-08	-7.705E-11
0.3775	2.32886E-08	-2.3321E-08	2.95E-11
0.38	2.33388E-08	-2.33451E-08	1.695E-11
0.3825	2.33841E-08	-2.33931E-08	-6.66E-11
0.385	2.34381E-08	-2.34421E-08	7.725E-11
0.3875	2.34815E-08	-2.34909E-08	1.615E-11
0.39	2.3532E-08	-2.35328E-08	2.33E-11
0.3925	2.35972E-08	-2.36002E-08	2.37E-11
0.395	2.36442E-08	-2.3646E-08	-2.3E-12
0.3975	2.36911E-08	-2.3694E-08	-5.055E-11
0.4	2.3736E-08	-2.37342E-08	6.385E-11
0.4025	2.37547E-08	-2.37776E-08	-1.595E-11
0.405	2.37819E-08	-2.37906E-08	-9.545E-11
0.4075	2.3816E-08	-2.38332E-08	5.09E-11
0.41	2.38634E-08	-2.38691E-08	-2.43E-11
0.4125	2.39262E-08	-2.39167E-08	7.975E-11
0.415	2.39096E-08	-2.39477E-08	-1.6E-12
0.4175	2.39698E-08	-2.39668E-08	1.22E-11
0.42	2.39959E-08	-2.40035E-08	-2.045E-11
0.4225	2.40352E-08	-2.40424E-08	7.66E-11
0.425	2.411E-08	-2.40848E-08	-8.705E-11
0.4275	2.41565E-08	-2.41308E-08	4.425E-11
0.43	2.41846E-08	-2.4174E-08	-2.09E-11
0.4325	2.42323E-08	-2.4229E-08	1.7E-11
0.435	2.42758E-08	-2.42582E-08	-7.5E-13
0.4375	2.43045E-08	-2.43045E-08	-5.45E-12
0.44	2.43466E-08	-2.43472E-08	-5.005E-11
0.4425	2.4381E-08	-2.43871E-08	9.755E-11
0.445	2.44197E-08	-2.44257E-08	-1.725E-11
0.4475	2.44672E-08	-2.4465E-08	-4.095E-11
0.45	2.44891E-08	-2.44946E-08	5.205E-11
0.4525	2.45365E-08	-2.45407E-08	-1.71E-11
0.455	2.45726E-08	-2.45804E-08	5.88E-11
0.4575	2.46059E-08	-2.46201E-08	3.725E-11
0.46	2.46448E-08	-2.46502E-08	-1.04E-11
0.4625	2.46809E-08	-2.47004E-08	-2.38E-11
0.465	2.46836E-08	-2.47019E-08	4.415E-11
0.4675	2.47344E-08	-2.473E-08	-3.91E-11
0.47	2.47794E-08	-2.47797E-08	2.185E-11
0.4725	2.4725E-08	-2.48052E-08	-1.3E-12
0.475	2.47576E-08	-2.47655E-08	-1.075E-11
0.4775	2.47678E-08	-2.47672E-08	-9.3E-12
0.48	2.4831E-08	-2.48206E-08	-5.09E-11
0.4825	2.48373E-08	-2.48456E-08	-8.61E-11
0.485	2.48651E-08	-2.48763E-08	7.59E-11
0.4875	2.49E-08	-2.49072E-08	-5.01E-11
0.49	2.49336E-08	-2.49346E-08	-4.5E-11
0.4925	2.49675E-08	-2.49737E-08	3.605E-11
0.495	2.50053E-08	-2.50009E-08	-1.21E-11
0.4975	2.50314E-08	-2.50362E-08	5.9E-11
0.5	2.51E-08	-2.51035E-08	5.565E-11
0	2.6E-14	-2.03E-13	5.545E-11
0.0025	7.9E-14	-2.06E-13	-2.36E-11
0.005	-5.4E-14	-1.43E-13	1.11E-11
0.0075	3.2E-14	-2.1E-13	5.5E-11
0.01	2.79E-13	-2.09E-13	-6.715E-11
0.0125	-8E-14	-2.17E-13	5.89E-11
0.015	6.4E-14	-2.29E-13	-7.78E-11
0.0175	-6.4E-14	-1.95E-13	-1.865E-11
0.02	-4.7E-14	-2.1E-13	1.033E-10
0.0225	1.07E-13	-2.56E-13	-2.655E-11
0.025	3.6E-14	-2.64E-13	-4.65E-11
0.0275	1.83E-13	-2.32E-13	4.575E-11
0.03	2.21E-13	-2.89E-13	-4.2E-12
0.0325	2.8E-14	-3.14E-13	-1.585E-11
0.035	2E-15	-3.58E-13	1.045E-11
0.0375	3.98E-13	-4.65E-13	-4.185E-11
0.04	3.51E-13	-5.62E-13	-2.68E-11
0.0425	5.86E-13	-8.58E-13	-3.395E-11
0.045	1.224E-12	-1.22E-12	1.15E-12
0.0475	1.722E-12	-1.82E-12	2.03E-11
0.05	2.845E-12	-2.871E-12	-6.19E-11
0.0525	4.015E-12	-4.346E-12	8.055E-11
0.055	6.442E-12	-6.665E-12	-5.65E-12
0.0575	9.807E-12	-1.0143E-11	9.37E-11
0.06	1.4954E-11	-1.5353E-11	2.205E-11
0.0625	2.2128E-11	-2.2467E-11	-5.32E-11
0.065	3.2776E-11	-3.2985E-11	1.35E-11
0.0675	4.7473E-11	-4.7084E-11	-1.7E-11
0.07	6.7087E-11	-6.6912E-11	-4.86E-11
0.0725	9.4644E-11	-9.4455E-11	2.4E-11
0.075	1.30454E-10	-1.30624E-10	-1.91E-11
0.0775	1.78662E-10	-1.78457E-10	3.135E-11
0.08	2.39365E-10	-2.3961E-10	3.92E-11
0.0825	3.17803E-10	-3.18201E-10	-8E-13
0.085	4.1791E-10	-4.17416E-10	6.925E-11
0.0875	5.38438E-10	-5.39785E-10	-1.53E-11
0.09	6.90373E-10	-6.90835E-10	7.75E-12
0.0925	8.72013E-10	-8.77794E-10	4.035E-11
0.095	1.090468E-09	-1.092793E-09	-1.0005E-10
0.0975	1.3452E-09	-1.34856E-09	1.64E-11
0.1	1.65542E-09	-1.6516E-09	-2.06E-11
0.1025	2.00542E-09	-2.00896E-09	1.375E-11
0.105	2.42152E-09	-2.41933E-09	-8.9E-11
0.1075	2.88975E-09	-2.8848E-09	-5.47E-11
0.11	3.40676E-09	-3.40626E-09	3.84E-11
0.1125	3.99422E-09	-3.99412E-09	-2.705E-11
0.115	4.64196E-09	-4.64106E-09	-5.175E-11
0.1175	5.34918E-09	-5.35067E-09	5.095E-11
0.12	6.13851E-09	-6.12857E-09	-5.145E-11
0.1225	6.95878E-09	-6.96057E-09	1.065E-11
0.125	7.8317E-09	-7.83445E-09	-1.865E-11
0.1275	8.74204E-09	-8.73965E-09	0
0.13	9.66977E-09	-9.66831E-09	-5.7E-11
0.1325	1.060083E-08	-1.058912E-08	8.52E-11
0.135	1.1546E-08	-1.15284E-08	5.21E-11
0.1375	1.24624E-08	-1.24556E-08	-4.685E-11
0.14	1.33857E-08	-1.3354E-08	-1.725E-11
0.1425	1.42712E-08	-1.42495E-08	3.725E-11
0.145	1.51369E-08	-1.51101E-08	-2.185E-11
0.1475	1.59567E-08	-1.59357E-08	7.705E-11
0.15	1.67564E-08	-1.67363E-08	6.17E-11
0.1525	1.751E-08	-1.74833E-08	-1.58E-11
0.155	1.82165E-08	-1.81909E-08	-2.5E-11
0.1575	1.88852E-08	-1.88698E-08	2.975E-11
0.16	1.95212E-08	-1.95002E-08	-4.115E-11
0.1625	2.01205E-08	-2.01012E-08	2.94E-11
0.165	2.06732E-08	-2.06558E-08	-1.265E-11
0.1675	2.11978E-08	-2.11803E-08	-8.85E-12
0.17	2.1682E-08	-2.16667E-08	2.175E-11
0.1725	2.21311E-08	-2.21084E-08	-1.28E-11
0.175	2.25464E-08	-2.25226E-08	-3.85E-11
0.1775	2.29268E-08	-2.29124E-08	6.065E-11
0.18	2.32963E-08	-2.32651E-08	-1.245E-11
0.1825	2.36264E-08	-2.362E-08	-2.285E-11
0.185	2.3939E-08	-2.39326E-08	2.7E-11
0.1875	2.42559E-08	-2.42284E-08	5E-12
0.19	2.45631E-08	-2.45435E-08	6.06E-11
0.1925	2.48321E-08	-2.48287E-08	5.74E-11
0.195	2.5106E-08	-2.50912E-08	-4.875E-11
0.1975	2.5357E-08	-2.53442E-08	8.75E-12
0.2	2.5602E-08	-2.55847E-08	4.205E-11
0.2025	2.58286E-08	-2.58203E-08	-1.395E-11
0.205	2.60559E-08	-2.60472E-08	3.1E-11
0.2075	2.62649E-08	-2.62407E-08	-6.525E-11
0.21	2.64619E-08	-2.64413E-08	-6.205E-11
0.2125	2.66536E-08	-2.66302E-08	7.895E-11
0.215	2.68123E-08	-2.67994E-08	2E-13
0.2175	2.69816E-08	-2.69625E-08	-2.955E-11
0.22	2.71865E-08	-2.71759E-08	6.925E-11
0.2225	2.73375E-08	-2.73309E-08	-1.385E-11
0.225	2.74878E-08	-2.74778E-08	4.78E-11
0.2275	2.76385E-08	-2.76314E-08	5.025E-11
0.23	2.77926E-08	-2.7777E-08	-5.215E-11
0.2325	2.79321E-08	-2.79121E-08	-1.1E-11
0.235	2.80703E-08	-2.80524E-08	3.665E-11
0.2375	2.81898E-08	-2.81868E-08	-5.27E-11
0.24	2.83189E-08	-2.83147E-08	2.3E-11
0.2425	2.84467E-08	-2.84258E-08	4E-13
0.245	2.86503E-08	-2.85936E-08	-1.265E-11
0.2475	2.87761E-08	-2.87558E-08	2.125E-11
0.25	2.88423E-08	-2.88537E-08	1.785E-11
0.2525	2.89538E-08	-2.89568E-08	-2.52E-11
0.255	2.90786E-08	-2.90646E-08	8.165E-11
0.2575	2.91829E-08	-2.91798E-08	-2.2E-11
0.26	2.92983E-08	-2.92954E-08	2.63E-11
0.2625	2.94058E-08	-2.94019E-08	-5.9E-12
0.265	2.95276E-08	-2.95072E-08	-1.66E-11
0.2675	2.96366E-08	-2.96137E-08	9.8E-12
0.27	2.97276E-08	-2.97157E-08	5.685E-11
0.2725	2.98495E-08	-2.98477E-08	-5E-11
0.275	2.9946E-08	-2.99436E-08	3.3E-11
0.2775	3.00453E-08	-3.00381E-08	1.745E-11
0.28	3.01458E-08	-3.01385E-08	3.385E-11
0.2825	3.02408E-08	-3.02342E-08	-2.465E-11
0.285	3.03287E-08	-3.03253E-08	-4.06E-11
0.2875	3.0435E-08	-3.04196E-08	-2.79E-11
0.29	3.05242E-08	-3.04956E-08	7.755E-11
0.2925	3.06013E-08	-3.05866E-08	2.465E-11
0.295	3.06662E-08	-3.06622E-08	-5.12E-11
0.2975	3.07445E-08	-3.07493E-08	3.795E-11
0.3	3.08277E-08	-3.08258E-08	-1.82E-11
0.3025	3.09079E-08	-3.0907E-08	6.705E-11
0.305	3.09844E-08	-3.09849E-08	5.52E-11
0.3075	3.10591E-08	-3.10599E-08	-8.31E-11
0.31	3.11363E-08	-3.11391E-08	3.63E-11
0.3125	3.12174E-08	-3.12172E-08	4.875E-11
0.315	3.12853E-08	-3.12888E-08	-8.985E-11
0.3175	3.1386E-08	-3.13574E-08	2.575E-11
0.32	3.147E-08	-3.14446E-08	1.75E-12
0.3225	3.15362E-08	-3.15233E-08	-1.975E-11
0.325	3.15941E-08	-3.15963E-08	-2.935E-11
0.3275	3.162E-08	-3.16685E-08	-4.85E-12
0.33	3.16722E-08	-3.16744E-08	-1.004E-10
0.3325	3.1748E-08	-3.17512E-08	3.035E-11
0.335	3.18813E-08	-3.188E-08	-1.005E-11
0.3375	3.19347E-08	-3.19459E-08	-3.79E-11
0.34	3.20198E-08	-3.19926E-08	-4.4E-12
0.3425	3.20919E-08	-3.21023E-08	-5.5E-12
0.345	3.21674E-08	-3.21707E-08	6.67E-11
0.3475	3.22572E-08	-3.22397E-08	3.95E-11
0.35	3.23346E-08	-3.23129E-08	-8.04E-11
0.3525	3.24042E-08	-3.2386E-08	4.825E-11
0.355	3.24536E-08	-3.24419E-08	7.23E-11
0.3575	3.25076E-08	-3.25169E-08	-8.505E-11
0.36	3.25794E-08	-3.25785E-08	2.41E-11
0.3625	3.26428E-08	-3.26553E-08	-3.475E-11
0.365	3.27152E-08	-3.27169E-08	4E-13
0.3675	3.27863E-08	-3.27851E-08	8.15E-12
0.37	3.28379E-08	-3.28451E-08	1.865E-11
0.3725	3.29048E-08	-3.29088E-08	-3.48E-11
0.375	3.29743E-08	-3.29838E-08	5.28E-11
0.3775	3.30332E-08	-3.30521E-08	6.65E-12
0.38	3.31005E-08	-3.31049E-08	-2.125E-11
0.3825	3.31609E-08	-3.31584E-08	2.955E-11
0.385	3.31864E-08	-3.32285E-08	1.495E-11
0.3875	3.33114E-08	-3.32325E-08	8.58E-11
0.39	3.33826E-08	-3.33527E-08	1.57E-11
0.3925	3.3437E-08	-3.34174E-08	-6.64E-11
0.395	3.34004E-08	-3.34695E-08	2.49E-11
0.3975	3.34719E-08	-3.34783E-08	8.06E-11
0.4	3.35279E-08	-3.3533E-08	-6.37E-11
0.4025	3.35362E-08	-3.35844E-08	5.62E-11
0.405	3.36469E-08	-3.36517E-08	-3.21E-11
0.4075	3.37176E-08	-3.37129E-08	-2.71E-11
0.41	3.37557E-08	-3.37684E-08	4.55E-12
0.4125	3.3796E-08	-3.38016E-08	2.44E-11
0.415	3.38599E-08	-3.38661E-08	-6.91E-11
0.4175	3.393E-08	-3.39289E-08	5.435E-11
0.42	3.39977E-08	-3.40006E-08	-5.6E-11
0.4225	3.40581E-08	-3.40607E-08	-2.3E-12
0.425	3.41174E-08	-3.41212E-08	-3.19E-11
0.4275	3.42107E-08	-3.41913E-08	-5E-14
0.43	3.42658E-08	-3.42434E-08	7.95E-12
0.4325	3.4304E-08	-3.4288E-08	1.36E-11
0.435	3.43541E-08	-3.43323E-08	-5.19E-11
0.4375	3.44004E-08	-3.44046E-08	6.88E-11
0.44	3.44542E-08	-3.44534E-08	4.125E-11
0.4425	3.45082E-08	-3.45153E-08	3.83E-11
0.445	3.45604E-08	-3.45744E-08	2.445E-11
0.4475	3.46296E-08	-3.46346E-08	-5.015E-11
0.45	3.46738E-08	-3.46895E-08	-6.36E-11
0.4525	3.47405E-08	-3.47376E-08	6.035E-11
0.455	3.47884E-08	-3.47915E-08	-1.185E-11
0.4575	3.48844E-08	-3.48644E-08	-7.815E-11
0.46	3.49066E-08	-3.49168E-08	7.92E-11
0.4625	3.49544E-08	-3.49618E-08	-2.79E-11
0.465	3.4998E-08	-3.5008E-08	7.185E-11
0.4675	3.50642E-08	-3.50342E-08	4.2E-12
0.47	3.5139E-08	-3.51077E-08	2.19E-11
0.4725	3.51667E-08	-3.51597E-08	-1.205E-11
0.475	3.51971E-08	-3.51969E-08	1.013E-10
0.4775	3.52547E-08	-3.52512E-08	-8.88E-11
0.48	3.53275E-08	-3.53067E-08	8.245E-11
0.4825	3.53764E-08	-3.53598E-08	-3.09E-11
0.485	3.53114E-08	-3.53704E-08	8.35E-12
0.4875	3.53324E-08	-3.53408E-08	-6.75E-12
0.49	3.53828E-08	-3.53836E-08	2.955E-11
0.4925	3.53647E-08	-3.53938E-08	-5.4E-11
0.495	3.54692E-08	-3.54676E-08	6.415E-11
0.4975	3.551E-08	-3.5509E-08	-4.08E-11
0.5	3.55271E-08	-3.55603E-08	-2.695E-11
0	7.8E-14	-2.53E-13	-4.35E-11
0.0025	-9.9E-14	-2.02E-13	-9E-11
0.005	2.8E-14	-2.16E-13	4.06E-11
0.0075	-1.56E-13	-1.78E-13	-2.85E-12
0.01	1.44E-13	-2.35E-13	-2.475E-11
0.0125	7.2E-14	-2.15E-13	2.86E-11
0.015	1E-13	-1.87E-13	3.845E-11
0.0175	2.31E-13	-2.41E-13	1.245E-11
0.02	2.7E-14	-2.38E-13	-3.245E-11
0.0225	1.02E-13	-2.07E-13	5E-14
0.025	-4.1E-14	-2.53E-13	2.875E-11
0.0275	1.93E-13	-2.55E-13	-6.785E-11
0.03	3.25E-13	-2.54E-13	5.395E-11
0.0325	2.54E-13	-2.47E-13	-4.675E-11
0.035	1.05E-13	-4.07E-13	-3.355E-11
0.0375	2.99E-13	-4.7E-13	5.565E-11
0.04	4.21E-13	-6.37E-13	-2.95E-12
0.0425	7.28E-13	-9.91E-13	1.08E-11
0.045	1.09E-12	-1.354E-12	2.205E-11
0.0475	1.977E-12	-2.039E-12	-5.595E-11
0.05	3.129E-12	-3.121E-12	6.33E-11
0.0525	4.704E-12	-4.985E-12	-9.7E-12
0.055	7.215E-12	-7.519E-12	5.245E-11
0.0575	1.0907E-11	-1.1348E-11	4.83E-11
0.06	1.7002E-11	-1.6895E-11	-6.335E-11
0.0625	2.5059E-11	-2.5832E-11	-1.465E-11
0.065	3.676E-11	-3.6997E-11	7.6E-12
0.0675	5.2589E-11	-5.2796E-11	-5.65E-11
0.07	7.3415E-11	-7.4006E-11	-2.49E-11
0.0725	1.03385E-10	-1.03675E-10	-2.56E-11
0.075	1.43312E-10	-1.43752E-10	-6.35E-12
0.0775	1.9507E-10	-1.95514E-10	-4E-12
0.08	2.63193E-10	-2.62445E-10	-5.52E-11
0.0825	3.50065E-10	-3.49255E-10	5.85E-11
0.085	4.58742E-10	-4.5737E-10	-2.44E-11
0.0875	5.91501E-10	-5.90123E-10	7.335E-11
0.09	7.52596E-10	-7.5676E-10	3.315E-11
0.0925	9.50913E-10	-9.52361E-10	-6.81E-11
0.095	1.18796E-09	-1.18984E-09	-4.94E-11
0.0975	1.46464E-09	-1.46581E-09	1.7E-12
0.1	1.80128E-09	-1.79931E-09	3.675E-11
0.1025	2.18085E-09	-2.18108E-09	-6.065E-11
0.105	2.61967E-09	-2.61849E-09	8.215E-11
0.1075	3.12052E-09	-3.12149E-09	-1.48E-11
0.11	3.68231E-09	-3.68532E-09	-5E-12
0.1125	4.31331E-09	-4.3189E-09	-4.275E-11
0.115	5.02989E-09	-5.03059E-09	3.305E-11
0.1175	5.80188E-09	-5.80747E-09	-3.3E-12
0.12	6.66265E-09	-6.66672E-09	5.53E-11
0.1225	7.59712E-09	-7.60756E-09	-6.765E-11
0.125	8.61358E-09	-8.6107E-09	6.435E-11
0.1275	9.68629E-09	-9.68757E-09	-1.41E-11
0.13	1.082165E-08	-1.08164E-08	1.96E-11
0.1325	1.20113E-08	-1.1992E-08	3.255E-11
0.135	1.32501E-08	-1.32224E-08	-2.775E-11
0.1375	1.45297E-08	-1.45195E-08	4.8E-11
0.14	1.58251E-08	-1.58117E-08	-6.97E-11
0.1425	1.71765E-08	-1.71457E-08	4.705E-11
0.145	1.84756E-08	-1.84628E-08	3.26E-11
0.1475	1.97647E-08	-1.97319E-08	-1.07E-11
0.15	2.09616E-08	-2.09369E-08	-6E-12
0.1525	2.21063E-08	-2.20759E-08	-3.325E-11
0.155	2.31869E-08	-2.31121E-08	-5.21E-11
0.1575	2.41555E-08	-2.41304E-08	1.015E-10
0.16	2.50394E-08	-2.50208E-08	-8.35E-12
0.1625	2.58884E-08	-2.58713E-08	-2.745E-11
0.165	2.66982E-08	-2.66765E-08	7.79E-11
0.1675	2.74504E-08	-2.74543E-08	-1.03E-11
0.17	2.81951E-08	-2.81589E-08	5.52E-11
0.1725	2.89038E-08	-2.88634E-08	3.335E-11
0.175	2.95403E-08	-2.95236E-08	-4.09E-11
0.1775	3.01828E-08	-3.01491E-08	3.4E-12
0.18	3.07342E-08	-3.0709E-08	2.95E-11
0.1825	3.12802E-08	-3.12484E-08	-8.955E-11
0.185	3.1774E-08	-3.1754E-08	6.34E-11
0.1875	3.2243E-08	-3.22093E-08	-1.12E-11
0.19	3.27043E-08	-3.26839E-08	1.175E-11
0.1925	3.31358E-08	-3.31164E-08	-2.03E-11
0.195	3.35615E-08	-3.35418E-08	2.885E-11
0.1975	3.39734E-08	-3.39495E-08	-6.62E-11
0.2	3.4363E-08	-3.43427E-08	4.64E-11
0.2025	3.47367E-08	-3.47187E-08	-3.265E-11
0.205	3.50906E-08	-3.50773E-08	-2.055E-11
0.2075	3.54392E-08	-3.54163E-08	-1.995E-11
0.21	3.5771E-08	-3.57432E-08	2.81E-11
0.2125	3.60749E-08	-3.60542E-08	-9.8E-12
0.215	3.63647E-08	-3.63541E-08	6.02E-11
0.2175	3.66437E-08	-3.66335E-08	-3.745E-11
0.22	3.69062E-08	-3.68919E-08	4.035E-11
0.2225	3.71774E-08	-3.71415E-08	3.75E-11
0.225	3.74231E-08	-3.73858E-08	-3.41E-11
0.2275	3.76538E-08	-3.76241E-08	4.425E-11
0.23	3.78759E-08	-3.78451E-08	-6.175E-11
0.2325	3.81232E-08	-3.81013E-08	-6.165E-11
0.235	3.8275E-08	-3.82535E-08	3.29E-11
0.2375	3.84765E-08	-3.84632E-08	-1.635E-11
0.24	3.86724E-08	-3.86533E-08	-5.32E-11
0.2425	3.89011E-08	-3.88759E-08	7.075E-11
0.245	3.90944E-08	-3.90827E-08	-2.185E-11
0.2475	3.9291E-08	-3.92722E-08	-3.1E-12
0.25	3.94903E-08	-3.94668E-08	-3.2E-12
0.2525	3.96948E-08	-3.967E-08	3.94E-11
0.255	3.98836E-08	-3.98582E-08	-4.81E-11
0.2575	4.00604E-08	-4.00415E-08	4.45E-11
0.26	4.02307E-08	-4.02117E-08	-6.755E-11
0.2625	4.04093E-08	-4.03777E-08	4.015E-11
0.265	4.05652E-08	-4.05455E-08	-3.635E-11
0.2675	4.07397E-08	-4.07208E-08	-1.15E-12
0.27	4.08929E-08	-4.08741E-08	-8.6E-12
0.2725	4.10518E-08	-4.10247E-08	-5.19E-11
0.275	4.12153E-08	-4.1192E-08	-9.29E-11
0.2775	4.13792E-08	-4.13472E-08	7.04E-11
0.28	4.15223E-08	-4.15126E-08	-2.49E-11
0.2825	4.16435E-08	-4.16331E-08	-4.275E-11
0.285	4.17839E-08	-4.17693E-08	5.26E-11
0.2875	4.19064E-08	-4.18983E-08	-1.475E-11
0.29	4.20482E-08	-4.20252E-08	1.97E-11
0.2925	4.21698E-08	-4.21671E-08	5.325E-11
0.295	4.2317E-08	-4.22891E-08	-2.83E-11
0.2975	4.24481E-08	-4.24135E-08	-2.875E-11
0.3	4.25804E-08	-4.25625E-08	1.735E-11
0.3025	4.26943E-08	-4.2689E-08	-5.465E-11
0.305	4.28083E-08	-4.28091E-08	3.565E-11
0.3075	4.29428E-08	-4.29271E-08	-1.195E-11
0.31	4.30614E-08	-4.3051E-08	-2E-13
0.3125	4.31862E-08	-4.31818E-08	6.25E-12
0.315	4.32983E-08	-4.32933E-08	-8.25E-12
0.3175	4.3441E-08	-4.34069E-08	-3.705E-11
0.32	4.35519E-08	-4.35304E-08	5.385E-11
0.3225	4.3666E-08	-4.36431E-08	-2.48E-11
0.325	4.37601E-08	-4.37583E-08	-3.215E-11
0.3275	4.38804E-08	-4.38714E-08	-3.055E-11
0.33	4.39942E-08	-4.39899E-08	1.395E-11
0.3325	4.41152E-08	-4.41016E-08	-2.615E-11
0.335	4.42164E-08	-4.42133E-08	7.755E-11
0.3375	4.43435E-08	-4.43209E-08	-3.355E-11
0.34	4.44755E-08	-4.44477E-08	1.1E-11
0.3425	4.45826E-08	-4.4553E-08	3.33E-11
0.345	4.46757E-08	-4.46571E-08	3.675E-11
0.3475	4.47842E-08	-4.47689E-08	4.1E-11
0.35	4.48636E-08	-4.48727E-08	-5.065E-11
0.3525	4.4986E-08	-4.4973E-08	-4.72E-11
0.355	4.50817E-08	-4.50771E-08	8.7E-11
0.3575	4.51786E-08	-4.51842E-08	-3.205E-11
0.36	4.53382E-08	-4.52902E-08	-1.15E-12
0.3625	4.5458E-08	-4.54374E-08	7.75E-12
0.365	4.55555E-08	-4.55243E-08	4.25E-12
0.3675	4.56583E-08	-4.56349E-08	5.535E-11
0.37	4.57446E-08	-4.57233E-08	6.065E-11
0.3725	4.58606E-08	-4.58288E-08	-7.71E-11
0.375	4.59569E-08	-4.59331E-08	1.75E-12
0.3775	4.60375E-08	-4.6041E-08	3.51E-11
0.38	4.61346E-08	-4.61315E-08	2.305E-11
0.3825	4.62419E-08	-4.62312E-08	5E-13
0.385	4.63558E-08	-4.63359E-08	-2.94E-11
0.3875	4.64526E-08	-4.64377E-08	-3.87E-11
0.39	4.65554E-08	-4.6525E-08	5.625E-11
0.3925	4.66403E-08	-4.66237E-08	-1.76E-11
0.395	4.6625E-08	-4.67204E-08	-3.72E-11
0.3975	4.67336E-08	-4.67239E-08	-3.53E-11
0.4	4.67962E-08	-4.6804E-08	-6.8E-12
0.4025	4.69018E-08	-4.6908E-08	1.92E-11
0.405	4.69948E-08	-4.70097E-08	-2.35E-12
0.4075	4.71079E-08	-4.71062E-08	-6.065E-11
0.41	4.71768E-08	-4.7188E-08	1.5E-12
0.4125	4.72742E-08	-4.7275E-08	3.48E-11
0.415	4.73863E-08	-4.73595E-08	-4.745E-11
0.4175	4.74696E-08	-4.74447E-08	7.6E-12
0.42	4.75593E-08	-4.75326E-08	-1.265E-11
0.4225	4.761E-08	-4.7612E-08	-2.055E-11
0.425	4.77024E-08	-4.7695E-08	5.755E-11
0.4275	4.77763E-08	-4.77806E-08	-7.6E-12
0.43	4.78531E-08	-4.78668E-08	3.4E-12
0.4325	4.79437E-08	-4.79529E-08	1.5E-12
0.435	4.8032E-08	-4.80436E-08	3.845E-11
0.4375	4.81447E-08	-4.81274E-08	-5.045E-11
0.44	4.81305E-08	-4.82091E-08	4.115E-11
0.4425	4.82053E-08	-4.81923E-08	-6.445E-11
0.445	4.82386E-08	-4.82532E-08	6.085E-11
0.4475	4.83104E-08	-4.83068E-08	-4.73E-11
0.45	4.8384E-08	-4.8386E-08	-9.05E-12
0.4525	4.84727E-08	-4.84759E-08	-5.215E-11
0.455	4.85423E-08	-4.85503E-08	1.15E-11
0.4575	4.86485E-08	-4.86425E-08	-7.65E-11
0.46	4.87103E-08	-4.87213E-08	3.225E-11
0.4625	4.87819E-08	-4.87943E-08	-4.67E-11
0.465	4.88526E-08	-4.88637E-08	-3.05E-12
0.4675	4.89402E-08	-4.8939E-08	-2.675E-11
0.47	4.894E-08	-4.89323E-08	4.9E-12
0.4725	4.90179E-08	-4.90223E-08	-5.095E-11
0.475	4.90925E-08	-4.90896E-08	6.06E-11
0.4775	4.9182E-08	-4.916E-08	-5.525E-11
0.48	4.92466E-08	-4.92308E-08	1.555E-11
0.4825	4.92701E-08	-4.92543E-08	1.055E-11
0.485	4.92621E-08	-4.92882E-08	-6.9E-12
0.4875	4.93025E-08	-4.93269E-08	2.45E-12
0.49	4.93916E-08	-4.93906E-08	-4.85E-11
0.4925	4.94556E-08	-4.94574E-08	-2.66E-11
0.495	4.95437E-08	-4.95377E-08	5.085E-11
0.4975	4.9595E-08	-4.96073E-08	-2.63E-11
0.5	4.96656E-08	-4.96721E-08	1.09E-11
0	4.3E-14	-2.45E-13	-4.405E-11
0.0025	4E-14	-2.85E-13	-9.3E-12
0.005	1.44E-13	-2.03E-13	8.1E-12
0.0075	1.58E-13	-2.61E-13	-3.015E-11
0.01	-7E-14	-2.42E-13	6.845E-11
0.0125	1.98E-13	-2.24E-13	-4.665E-11
0.015	5.3E-14	-1.99E-13	4.955E-11
0.0175	5.4E-14	-1.68E-13	2.755E-11
0.02	1.19E-13	-2.1E-13	-8.935E-11
0.0225	-9.1E-14	-2.72E-13	2.285E-11
0.025	7.6E-14	-2.24E-13	6.25E-12
0.0275	1.2E-14	-2.67E-13	-4.735E-11
0.03	1.06E-13	-3.14E-13	-1.69E-11
0.0325	1.7E-13	-3.72E-13	-3.765E-11
0.035	2.2E-13	-4.03E-13	4.56E-11
0.0375	3.9E-13	-5.56E-13	1.985E-11
0.04	6.78E-13	-7.36E-13	-9.67E-11
0.0425	1.067E-12	-1.085E-12	9.43E-11
0.045	1.484E-12	-1.607E-12	-7.48E-11
0.0475	2.43E-12	-2.476E-12	5.75E-11
0.05	3.535E-12	-3.77E-12	9.975E-11
0.0525	5.235E-12	-5.578E-12	-7.79E-11
0.055	8.421E-12	-8.68E-12	-5.65E-12
0.0575	1.311E-11	-1.3086E-11	1.515E-11
0.06	1.9012E-11	-1.9652E-11	-5.265E-11
0.0625	2.8452E-11	-2.8913E-11	-2.295E-11
0.065	4.128E-11	-4.171E-11	2.35E-11
0.0675	5.8937E-11	-5.8294E-11	-1.97E-11
0.07	8.3619E-11	-8.3588E-11	-9.2E-12
0.0725	1.15682E-10	-1.16057E-10	-2.155E-11
0.075	1.60928E-10	-1.61392E-10	5.575E-11
0.0775	2.2071E-10	-2.19633E-10	-4.05E-11
0.08	2.9604E-10	-2.96128E-10	5.72E-11
0.0825	3.9477E-10	-3.94912E-10	2.525E-11
0.085	5.08595E-10	-5.1494E-10	-4.525E-11
0.0875	6.58599E-10	-6.58792E-10	3.94E-11
0.09	8.37496E-10	-8.3823E-10	-1.6E-11
0.0925	1.055946E-09	-1.057726E-09	-6.8E-11
0.095	1.3106E-09	-1.31353E-09	5.985E-11
0.0975	1.61569E-09	-1.61885E-09	-3.25E-12
0.1	1.9808E-09	-1.9783E-09	2.52E-11
0.1025	2.39317E-09	-2.39052E-09	-3.44E-11
0.105	2.8681E-09	-2.86888E-09	2.605E-11
0.1075	3.40461E-09	-3.40099E-09	-1.425E-11
0.11	4.00812E-09	-4.01683E-09	1.635E-11
0.1125	4.68839E-09	-4.69695E-09	-4E-12
0.115	5.44514E-09	-5.45185E-09	2.5E-12
0.1175	6.28727E-09	-6.28144E-09	-4.605E-11
0.12	7.21495E-09	-7.2094E-09	3.97E-11
0.1225	8.23243E-09	-8.22377E-09	-4E-11
0.125	9.33235E-09	-9.33116E-09	-1.325E-11
0.1275	1.050139E-08	-1.049866E-08	7E-13
0.13	1.17663E-08	-1.17414E-08	-6.1E-12
0.1325	1.3096E-08	-1.30634E-08	-6.83E-11
0.135	1.45235E-08	-1.45077E-08	-3.66E-11
0.1375	1.60395E-08	-1.60141E-08	6.075E-11
0.14	1.75965E-08	-1.75766E-08	3.78E-11
0.1425	1.92107E-08	-1.9191E-08	-7E-11
0.145	2.08615E-08	-2.08381E-08	1.037E-10
0.1475	2.24745E-08	-2.24591E-08	-3.095E-11
0.15	2.40723E-08	-2.40668E-08	8.375E-11
0.1525	2.56465E-08	-2.55975E-08	3.495E-11
0.155	2.71645E-08	-2.71113E-08	-1.995E-11
0.1575	2.85917E-08	-2.85833E-08	-3.035E-11
0.16	2.99809E-08	-2.99494E-08	5.065E-11
0.1625	3.12949E-08	-3.12321E-08	-4.445E-11
0.165	3.24891E-08	-3.24867E-08	3.9E-11
0.1675	3.36645E-08	-3.35962E-08	-4.44E-11
0.17	3.47651E-08	-3.4711E-08	-7.305E-11
0.1725	3.58105E-08	-3.57961E-08	5.825E-11
0.175	3.68484E-08	-3.6793E-08	6.85E-12
0.1775	3.77862E-08	-3.77667E-08	-3.255E-11
0.18	3.87218E-08	-3.86888E-08	8.455E-11
0.1825	3.96007E-08	-3.95887E-08	-4.3E-12
0.185	4.04138E-08	-4.03987E-08	7.385E-11
0.1875	4.1196E-08	-4.11567E-08	5.965E-11
0.19	4.19388E-08	-4.19012E-08	-3.85E-11
0.1925	4.26046E-08	-4.25949E-08	1.315E-11
0.195	4.33516E-08	-4.33172E-08	6.26E-11
0.1975	4.39666E-08	-4.39572E-08	-3.22E-11
0.2	4.46256E-08	-4.45873E-08	1.5E-11
0.2025	4.52369E-08	-4.52101E-08	-1.41E-11
0.205	4.57927E-08	-4.57898E-08	-4.515E-11
0.2075	4.6365E-08	-4.63459E-08	3.1E-11
0.21	4.68964E-08	-4.68771E-08	2.75E-12
0.2125	4.74081E-08	-4.73907E-08	-2.87E-11
0.215	4.78909E-08	-4.78704E-08	5.735E-11
0.2175	4.83518E-08	-4.83549E-08	-3.485E-11
0.22	4.8823E-08	-4.8817E-08	8.8E-11
0.2225	4.92363E-08	-4.92337E-08	6.115E-11
0.225	4.96512E-08	-4.96387E-08	-6.225E-11
0.2275	5.00234E-08	-5.0027E-08	2.28E-11
0.23	5.04154E-08	-5.04036E-08	6.77E-11
0.2325	5.07804E-08	-5.07628E-08	-7.295E-11
0.235	5.11581E-08	-5.11052E-08	5.285E-11
0.2375	5.14964E-08	-5.14707E-08	-5.18E-11
0.24	5.18271E-08	-5.18261E-08	-4.945E-11
0.2425	5.21399E-08	-5.21328E-08	2.805E-11
0.245	5.24816E-08	-5.24526E-08	-4.85E-12
0.2475	5.27006E-08	-5.27855E-08	-5.045E-11
0.25	5.30202E-08	-5.30013E-08	6.365E-11
0.2525	5.33307E-08	-5.33267E-08	-1.09E-11
0.255	5.36542E-08	-5.36273E-08	1.1585E-10
0.2575	5.39585E-08	-5.39286E-08	2.16E-11
0.26	5.42608E-08	-5.42195E-08	-3.465E-11
0.2625	5.45414E-08	-5.45183E-08	6.95E-12
0.265	5.48218E-08	-5.48174E-08	4.825E-11
0.2675	5.51382E-08	-5.51132E-08	-4.4E-11
0.27	5.53917E-08	-5.53547E-08	1.24E-11
0.2725	5.56547E-08	-5.56438E-08	-5.16E-11
0.275	5.59104E-08	-5.58858E-08	-6.405E-11
0.2775	5.61687E-08	-5.61335E-08	8.955E-11
0.28	5.64085E-08	-5.63931E-08	-3.245E-11
0.2825	5.66693E-08	-5.66373E-08	-3.195E-11
0.285	5.68915E-08	-5.68868E-08	-2.45E-11
0.2875	5.71465E-08	-5.71266E-08	1.445E-11
0.29	5.73779E-08	-5.73452E-08	-2.45E-11
0.2925	5.76041E-08	-5.75842E-08	1.335E-11
0.295	5.78277E-08	-5.77963E-08	-6.035E-11
0.2975	5.80553E-08	-5.80192E-08	4.09E-11
0.3	5.82607E-08	-5.82528E-08	-2.89E-11
0.3025	5.84779E-08	-5.844E-08	2.515E-11
0.305	5.86833E-08	-5.86676E-08	1.2E-12
0.3075	5.88955E-08	-5.88777E-08	2.3E-12
0.31	5.91023E-08	-5.90691E-08	-3.95E-11
0.3125	5.93164E-08	-5.92838E-08	6.34E-11
0.315	5.94976E-08	-5.94716E-08	-1.69E-11
0.3175	5.97002E-08	-5.96881E-08	8.805E-11
0.32	5.99023E-08	-5.98734E-08	6.925E-11
0.3225	6.00787E-08	-6.00883E-08	-3.2E-11
0.325	6.02836E-08	-6.02563E-08	-1.065E-11
0.3275	6.04642E-08	-6.0449E-08	4.91E-11
0.33	6.07445E-08	-6.0664E-08	-2.325E-11
0.3325	6.09964E-08	-6.095E-08	-1.49E-11
0.335	6.11807E-08	-6.11575E-08	-2.235E-11
0.3375	6.13515E-08	-6.13462E-08	-5.365E-11
0.34	6.15389E-08	-6.15369E-08	5.11E-11
0.3425	6.17424E-08	-6.17142E-08	-5.35E-11
0.345	6.1894E-08	-6.18906E-08	3.15E-12
0.3475	6.20761E-08	-6.20514E-08	-3.945E-11
0.35	6.22526E-08	-6.22306E-08	5.6E-12
0.3525	6.24264E-08	-6.24021E-08	4.8E-12
0.355	6.26109E-08	-6.25823E-08	3.425E-11
0.3575	6.27794E-08	-6.27672E-08	-6.59E-11
0.36	6.29594E-08	-6.29327E-08	8.935E-11
0.3625	6.31067E-08	-6.31062E-08	-2.075E-11
0.365	6.33204E-08	-6.32684E-08	-5.345E-11
0.3675	6.34819E-08	-6.34218E-08	6.005E-11
0.37	6.36376E-08	-6.36119E-08	-1.365E-11
0.3725	6.37896E-08	-6.37867E-08	-5.315E-11
0.375	6.37907E-08	-6.37642E-08	2.285E-11
0.3775	6.39217E-08	-6.39273E-08	-3.7E-12
0.38	6.40113E-08	-6.41033E-08	1.875E-11
0.3825	6.39608E-08	-6.39489E-08	4.4E-11
0.385	6.41213E-08	-6.40923E-08	-8.165E-11
0.3875	6.4288E-08	-6.42633E-08	-1.335E-11
0.39	6.44399E-08	-6.44062E-08	1.125E-11
0.3925	6.45761E-08	-6.45745E-08	1.25E-12
0.395	6.4748E-08	-6.47439E-08	9.35E-12
0.3975	6.4928E-08	-6.48845E-08	5.7E-12
0.4	6.50578E-08	-6.50602E-08	-4.905E-11
0.4025	6.52487E-08	-6.51937E-08	5.365E-11
0.405	6.53784E-08	-6.53616E-08	-3.695E-11
0.4075	6.55575E-08	-6.55307E-08	1.72E-11
0.41	6.57091E-08	-6.56515E-08	-5.9E-12
0.4125	6.58386E-08	-6.58228E-08	-1.655E-11
0.415	6.59731E-08	-6.59639E-08	-1.265E-11
0.4175	6.60831E-08	-6.60943E-08	4.96E-11
0.42	6.6279E-08	-6.62435E-08	-7.94E-11
0.4225	6.64133E-08	-6.63913E-08	1.605E-11
0.425	6.65783E-08	-6.65273E-08	-3.875E-11
0.4275	6.67117E-08	-6.66938E-08	-5.745E-11
0.43	6.68356E-08	-6.68141E-08	6.915E-11
0.4325	6.6969E-08	-6.69783E-08	-9.2E-12
0.435	6.71146E-08	-6.71215E-08	-4.9E-12
0.4375	6.72436E-08	-6.72521E-08	3.32E-11
0.44	6.74336E-08	-6.74134E-08	1.18E-11
0.4425	6.75938E-08	-6.75476E-08	3.445E-11
0.445	6.7718E-08	-6.76719E-08	2.34E-11
0.4475	6.78454E-08	-6.78038E-08	-4.62E-11
0.45	6.79567E-08	-6.79294E-08	3.21E-11
0.4525	6.80872E-08	-6.80705E-08	1.345E-11
0.455	6.81975E-08	-6.81989E-08	-9.5E-12
0.4575	6.82851E-08	-6.83204E-08	3.22E-11
0.46	6.84808E-08	-6.84184E-08	-2.05E-12
0.4625	6.86073E-08	-6.85782E-08	-4.59E-11
0.465	6.90608E-08	-6.87444E-08	7E-11
0.4675	6.90828E-08	-6.90729E-08	-1.995E-11
0.47	6.91509E-08	-6.91334E-08	1.295E-11
0.4725	6.92689E-08	-6.92585E-08	-8.25E-12
0.475	6.93624E-08	-6.93412E-08	2.685E-11
0.4775	6.94819E-08	-6.94632E-08	-2.15E-12
0.48	6.95977E-08	-6.95928E-08	4.235E-11
0.4825	6.96887E-08	-6.9711E-08	-3.84E-11
0.485	6.97995E-08	-6.98273E-08	2.645E-11
0.4875	6.9845E-08	-6.99355E-08	1E-13
0.49	6.99435E-08	-6.99607E-08	3.12E-11
0.4925	6.9893E-08	-6.98954E-08	-1.08E-11
0.495	6.96745E-08	-7.0001E-08	1.97E-11
0.4975	6.97413E-08	-6.97415E-08	-4.165E-11
0.5	6.99074E-08	-6.98637E-08	4.48E-11
0	7.5E-14	-2.34E-13	4.64E-11
0.0025	1.64E-13	-2.46E-13	-5.1E-11
0.005	1.2E-14	-2.13E-13	7.595E-11
0.0075	1.8E-14	-2.52E-13	1.795E-11
0.01	-5E-15	-2.67E-13	-7.06E-11
0.0125	1.5E-14	-2.01E-13	6.25E-12
0.015	1E-13	-2.38E-13	-4.8E-12
0.0175	2.23E-13	-2.36E-13	-5.51E-11
0.02	-2.9E-14	-2.03E-13	4.82E-11
0.0225	5E-14	-2.77E-13	1.31E-11
0.025	-2.5E-14	-2.83E-13	-2.645E-11
0.0275	1.52E-13	-2.85E-13	6.47E-11
0.03	2.41E-13	-3.54E-13	1.185E-11
0.0325	2.4E-13	-4.3E-13	1.415E-11
0.035	4.28E-13	-4.81E-13	-1.12E-11
0.0375	4.46E-13	-6.47E-13	-3.4E-12
0.04	7.21E-13	-8.91E-13	4.55E-12
0.0425	1.129E-12	-1.271E-12	-7.095E-11
0.045	1.57E-12	-1.927E-12	6.655E-11
0.0475	2.675E-12	-2.875E-12	-7.885E-11
0.05	4.337E-12	-4.483E-12	-2.645E-11
0.0525	6.736E-12	-7.03E-12	6.645E-11
0.055	1.0234E-11	-1.0371E-11	-1.4E-11
0.0575	1.571E-11	-1.5392E-11	-8.5E-12
0.06	2.2855E-11	-2.3038E-11	5.195E-11
0.0625	3.3441E-11	-3.3779E-11	7.3E-12
0.065	4.8443E-11	-4.8662E-11	2.235E-11
0.0675	6.9071E-11	-6.9139E-11	-4.985E-11
0.07	9.7463E-11	-9.7595E-11	-2.44E-11
0.0725	1.34207E-10	-1.34545E-10	6.83E-11
0.075	1.84095E-10	-1.85157E-10	-3.425E-11
0.0775	2.49605E-10	-2.50355E-10	1.0025E-10
0.08	3.34739E-10	-3.32744E-10	-5.98E-11
0.0825	4.43328E-10	-4.4342E-10	-3.97E-11
0.085	5.7945E-10	-5.76153E-10	5.485E-11
0.0875	7.38053E-10	-7.4229E-10	4.13E-11
0.09	9.36115E-10	-9.35442E-10	-4.28E-11
0.0925	1.17852E-09	-1.1767E-09	-8.4E-11
0.095	1.4512E-09	-1.45226E-09	5.765E-11
0.0975	1.78483E-09	-1.78532E-09	-6.15E-11
0.1	2.17401E-09	-2.17326E-09	3.645E-11
0.1025	2.6188E-09	-2.61492E-09	8.565E-11
0.105	3.13315E-09	-3.13134E-09	-7.51E-11
0.1075	3.72222E-09	-3.71238E-09	2.63E-11
0.11	4.36804E-09	-4.36277E-09	-7.03E-11
0.1125	5.10809E-09	-5.1051E-09	-4.82E-11
0.115	5.91732E-09	-5.92025E-09	-4.2E-12
0.1175	6.81313E-09	-6.8152E-09	9.15E-12
0.12	7.80559E-09	-7.81241E-09	-4.705E-11
0.1225	8.89459E-09	-8.88339E-09	8.42E-11
0.125	1.00447E-08	-1.004675E-08	-2.825E-11
0.1275	1.129898E-08	-1.129182E-08	4.755E-11
0.13	1.26641E-08	-1.26408E-08	-8.75E-11
0.1325	1.41007E-08	-1.40801E-08	3.04E-11
0.135	1.5653E-08	-1.56305E-08	-3.9E-12
0.1375	1.72546E-08	-1.72689E-08	-6.885E-11
0.14	1.89868E-08	-1.89525E-08	4.76E-11
0.1425	2.07919E-08	-2.07653E-08	-2.02E-11
0.145	2.26207E-08	-2.2607E-08	8.91E-11
0.1475	2.45314E-08	-2.4518E-08	2.98E-11
0.15	2.64917E-08	-2.64584E-08	-7.225E-11
0.1525	2.84025E-08	-2.83824E-08	3.685E-11
0.155	3.03863E-08	-3.03509E-08	5.445E-11
0.1575	3.23464E-08	-3.23113E-08	-1.139E-10
0.16	3.4295E-08	-3.42861E-08	2.25E-12
0.1625	3.62007E-08	-3.6157E-08	-5.62E-11
0.165	3.80391E-08	-3.80408E-08	-1.34E-11
0.1675	3.9848E-08	-3.98474E-08	1.8E-12
0.17	4.14899E-08	-4.15005E-08	8.2E-12
0.1725	4.30962E-08	-4.30825E-08	-3.635E-11
0.175	4.45924E-08	-4.46161E-08	5.165E-11
0.1775	4.61143E-08	-4.60691E-08	-8.85E-12
0.18	4.74614E-08	-4.74826E-08	9.2E-12
0.1825	4.89188E-08	-4.88241E-08	-7.4E-12
0.185	5.02111E-08	-5.0169E-08	-8.05E-12
0.1875	5.1449E-08	-5.14552E-08	3.08E-11
0.19	5.26701E-08	-5.26398E-08	1.22E-11
0.1925	5.38624E-08	-5.38434E-08	-4.955E-11
0.195	5.49816E-08	-5.49243E-08	2.23E-11
0.1975	5.6177E-08	-5.61077E-08	6.065E-11
0.2	5.71849E-08	-5.71659E-08	-3.455E-11
0.2025	5.81319E-08	-5.81101E-08	1.78E-11
0.205	5.91116E-08	-5.90772E-08	-5.275E-11
0.2075	5.99788E-08	-5.99678E-08	-4.055E-11
0.21	6.08485E-08	-6.08301E-08	5.66E-11
0.2125	6.17367E-08	-6.17026E-08	-1.14E-11
0.215	6.25569E-08	-6.25152E-08	-3.92E-11
0.2175	6.33358E-08	-6.33297E-08	2.45E-12
0.22	6.40884E-08	-6.40779E-08	4.1E-12
0.2225	6.4804E-08	-6.48031E-08	8.85E-12
0.225	6.54794E-08	-6.54649E-08	2.585E-11
0.2275	6.61267E-08	-6.61258E-08	-6.07E-11
0.23	6.67639E-08	-6.67405E-08	4.005E-11
0.2325	6.7353E-08	-6.7357E-08	-1.775E-11
0.235	6.79235E-08	-6.7912E-08	1.16E-11
0.2375	6.85147E-08	-6.8487E-08	-3.3E-12
0.24	6.90246E-08	-6.90447E-08	-2.265E-11
0.2425	6.95596E-08	-6.95391E-08	-4.76E-11
0.245	7.00651E-08	-7.0055E-08	4.825E-11
0.2475	7.05301E-08	-7.05674E-08	-2.515E-11
0.25	7.09193E-08	-7.09211E-08	-2.36E-11
0.2525	7.14752E-08	-7.14167E-08	-1.345E-11
0.255	7.19474E-08	-7.19267E-08	4.95E-12
0.2575	7.23798E-08	-7.23763E-08	1.25E-11
0.26	7.28532E-08	-7.28359E-08	4.65E-11
0.2625	7.33224E-08	-7.33029E-08	-7.625E-11
0.265	7.37458E-08	-7.37294E-08	-2.03E-11
0.2675	7.41854E-08	-7.4157E-08	3E-11
0.27	7.46149E-08	-7.45864E-08	-4.945E-11
0.2725	7.50486E-08	-7.50212E-08	2.42E-11
0.275	7.54787E-08	-7.54362E-08	-1.229E-10
0.2775	7.58517E-08	-7.58397E-08	-5.515E-11
0.28	7.62308E-08	-7.62105E-08	2.78E-11
0.2825	7.66013E-08	-7.66078E-08	-3.655E-11
0.285	7.70135E-08	-7.69865E-08	-1.63E-11
0.2875	7.73803E-08	-7.73577E-08	1.37E-11
0.29	7.77268E-08	-7.77166E-08	-1.3E-12
0.2925	7.80947E-08	-7.80355E-08	5.545E-11
0.295	7.84264E-08	-7.83959E-08	6.255E-11
0.2975	7.8767E-08	-7.87322E-08	-3.94E-11
0.3	7.91109E-08	-7.90914E-08	-5.5E-12
0.3025	7.9437E-08	-7.94049E-08	2.35E-11
0.305	7.9742E-08	-7.97263E-08	-8.5E-12
0.3075	8.00467E-08	-8.00233E-08	-4.255E-11
0.31	8.03868E-08	-8.03438E-08	-5.645E-11
0.3125	8.07166E-08	-8.06737E-08	-9.595E-11
0.315	8.1051E-08	-8.10326E-08	1.555E-11
0.3175	8.13409E-08	-8.13249E-08	-1.72E-11
0.32	8.15883E-08	-8.15861E-08	-3.355E-11
0.3225	8.18998E-08	-8.18831E-08	-1.47E-11
0.325	8.21359E-08	-8.21193E-08	-1.485E-11
0.3275	8.2446E-08	-8.24006E-08	2.875E-11
0.33	8.27678E-08	-8.27159E-08	1.71E-11
0.3325	8.30277E-08	-8.31452E-08	-6.46E-11
0.335	8.29354E-08	-8.2847E-08	5.05E-11
0.3375	8.32263E-08	-8.32584E-08	3.95E-11
0.34	8.34817E-08	-8.33958E-08	1.47E-11
0.3425	8.3787E-08	-8.37601E-08	-1.175E-11
0.345	8.40055E-08	-8.40003E-08	-1.15E-11
0.3475	8.42698E-08	-8.42493E-08	-4.315E-11
0.35	8.45292E-08	-8.45009E-08	2.75E-11
0.3525	8.47673E-08	-8.47351E-08	-3.735E-11
0.355	8.50416E-08	-8.50126E-08	-1.075E-11
0.3575	8.52916E-08	-8.52699E-08	-3.925E-11
0.36	8.55282E-08	-8.55171E-08	2.795E-11
0.3625	8.57865E-08	-8.5765E-08	-4.185E-11
0.365	8.60303E-08	-8.60127E-08	3.36E-11
0.3675	8.62485E-08	-8.62415E-08	-4.675E-11
0.37	8.64986E-08	-8.64586E-08	3.235E-11
0.3725	8.67669E-08	-8.67237E-08	1.525E-11
0.375	8.69601E-08	-8.69621E-08	-2.335E-11
0.3775	8.72537E-08	-8.72074E-08	7.27E-11
0.38	8.74641E-08	-8.74444E-08	1.795E-11
0.3825	8.77123E-08	-8.76884E-08	2.35E-12
0.385	8.79521E-08	-8.78981E-08	7.945E-11
0.3875	8.81478E-08	-8.81327E-08	4.7E-12
0.39	8.83939E-08	-8.8365E-08	4.94E-11
0.3925	8.8599E-08	-8.85696E-08	5.07E-11
0.395	8.88644E-08	-8.88083E-08	-4.355E-11
0.3975	8.90749E-08	-8.90714E-08	-4.65E-12
0.4	8.93132E-08	-8.92685E-08	5.13E-11
0.4025	8.95626E-08	-8.95382E-08	-4.975E-11
0.405	8.95418E-08	-8.9503E-08	9.5E-13
0.4075	8.95466E-08	-8.97003E-08	-1.935E-11
0.41	8.9703E-08	-8.97341E-08	-5.315E-11
0.4125	8.99063E-08	-8.98797E-08	4.685E-11
0.415	9.0106E-08	-9.00846E-08	-1.8E-12
0.4175	9.02933E-08	-9.02803E-08	-4.67E-11
0.42	9.05327E-08	-9.05101E-08	8.585E-11
0.4225	9.07677E-08	-9.07308E-08	-3.155E-11
0.425	9.10058E-08	-9.09284E-08	9.2E-11
0.4275	9.12101E-08	-9.11571E-08	7.03E-11
0.43	9.14271E-08	-9.1379E-08	-6.405E-11
0.4325	9.16083E-08	-9.15911E-08	3.06E-11
0.435	9.18389E-08	-9.18007E-08	6.385E-11
0.4375	9.20362E-08	-9.19994E-08	-5.04E-11
0.44	9.21992E-08	-9.21749E-08	2.34E-11
0.4425	9.22565E-08	-9.23997E-08	-5.73E-11
0.445	9.24199E-08	-9.24064E-08	-5.225E-11
0.4475	9.26263E-08	-9.25837E-08	4.755E-11
0.45	9.28479E-08	-9.28355E-08	9.65E-12
0.4525	9.30504E-08	-9.30057E-08	-4.65E-11
0.455	9.32341E-08	-9.32063E-08	3.24E-11
0.4575	9.34162E-08	-9.33723E-08	-2.645E-11
0.46	9.35898E-08	-9.35978E-08	8.755E-11
0.4625	9.37588E-08	-9.37636E-08	2.555E-11
0.465	9.39457E-08	-9.39378E-08	-4.095E-11
0.4675	9.41492E-08	-9.41251E-08	1.345E-11
0.47	9.42879E-08	-9.43195E-08	2.835E-11
0.4725	9.44241E-08	-9.44164E-08	-1.03E-11
0.475	9.46281E-08	-9.46073E-08	-2.3E-12
0.4775	9.48025E-08	-9.47913E-08	-2.965E-11
0.48	9.49504E-08	-9.4885E-08	-4.05E-11
0.4825	9.51246E-08	-9.50655E-08	7.355E-11
0.485	9.52894E-08	-9.52392E-08	-5.895E-11
0.4875	9.54347E-08	-9.54183E-08	-1.4E-12
0.49	9.56357E-08	-9.56019E-08	-5.795E-11
0.4925	9.57927E-08	-9.57579E-08	-2.5E-13
0.495	9.59537E-08	-9.59314E-08	-6.49E-11
0.4975	9.60947E-08	-9.60741E-08	1.23E-11
0.5	9.62689E-08	-9.62342E-08	-5.47E-11
0	3.35E-13	-2.27E-13	4.02E-11
0.0025	2.39E-13	-1.94E-13	-1.25E-11
0.005	-4.8E-14	-2.31E-13	1.95E-11
0.0075	-1.1E-14	-2.43E-13	3.57E-11
0.01	2.8E-14	-2.48E-13	-9.315E-11
0.0125	5.9E-14	-2.7E-13	2.08E-11
0.015	-1.1E-14	-2.88E-13	-3.535E-11
0.0175	1.47E-13	-2.6E-13	-4.9E-11
0.02	1.79E-13	-2.61E-13	4.9E-12
0.0225	1.27E-13	-2.57E-13	-6.4E-12
0.025	1.51E-13	-3.09E-13	-2.8E-12
0.0275	3E-15	-2.91E-13	5.8E-12
0.03	2.62E-13	-3.86E-13	-6.03E-11
0.0325	3.04E-13	-4.04E-13	3.43E-11
0.035	4.48E-13	-5.35E-13	-9.35E-12
0.0375	6.14E-13	-7.15E-13	6.2E-11
0.04	8.85E-13	-1.007E-12	3.21E-11
0.0425	1.175E-12	-1.505E-12	-1.18E-11
0.045	2.118E-12	-2.195E-12	1.755E-11
0.0475	2.998E-12	-3.457E-12	1.155E-11
0.05	5.129E-12	-5.223E-12	-3.765E-11
0.0525	7.847E-12	-7.808E-12	1.03E-11
0.055	1.1431E-11	-1.1773E-11	-7.56E-11
0.0575	1.7875E-11	-1.7515E-11	2.57E-11
0.06	2.6218E-11	-2.6584E-11	-5.605E-11
0.0625	3.8417E-11	-3.835E-11	-2.825E-11
0.065	5.4073E-11	-5.5244E-11	3.68E-11
0.0675	7.6419E-11	-7.7126E-11	-1.475E-11
0.07	1.08876E-10	-1.08985E-10	2.615E-11
0.0725	1.50397E-10	-1.53567E-10	5.02E-11
0.075	2.0337E-10	-2.03872E-10	-6.635E-11
0.0775	2.73998E-10	-2.74952E-10	3.955E-11
0.08	3.68005E-10	-3.65365E-10	-8.55E-12
0.0825	4.82668E-10	-4.85271E-10	1.0805E-10
0.085	6.28109E-10	-6.29606E-10	6.745E-11
0.0875	8.06041E-10	-8.0977E-10	-7.8E-11
0.09	1.020186E-09	-1.01671E-09	-1.96E-11
0.0925	1.27251E-09	-1.26905E-09	-4.305E-11
0.095	1.5734E-09	-1.57426E-09	-5.925E-11
0.0975	1.92789E-09	-1.9257E-09	9.5E-13
0.1	2.33981E-09	-2.34235E-09	-1.23E-11
0.1025	2.81149E-09	-2.81314E-09	3.55E-11
0.105	3.36735E-09	-3.36536E-09	-8.79E-11
0.1075	3.98187E-09	-3.98438E-09	3.975E-11
0.11	4.68031E-09	-4.68695E-09	5.6E-12
0.1125	5.46187E-09	-5.47054E-09	8.1E-12
0.115	6.32524E-09	-6.32611E-09	-5.35E-12
0.1175	7.26641E-09	-7.2781E-09	3.02E-11
0.12	8.3065E-09	-8.3178E-09	-1.4E-11
0.1225	9.45872E-09	-9.44687E-09	9.62E-11
0.125	1.068675E-08	-1.067609E-08	-6.95E-12
0.1275	1.20196E-08	-1.19955E-08	-1.39E-11
0.13	1.34472E-08	-1.34225E-08	-4.14E-11
0.1325	1.50012E-08	-1.49728E-08	-2.555E-11
0.135	1.66272E-08	-1.66115E-08	-1.52E-11
0.1375	1.83716E-08	-1.83532E-08	-5.485E-11
0.14	2.02186E-08	-2.01841E-08	5.11E-11
0.1425	2.21247E-08	-2.21103E-08	2.4E-12
0.145	2.40477E-08	-2.40859E-08	7.95E-11
0.1475	2.55962E-08	-2.5578E-08	6.56E-11
0.15	2.7752E-08	-2.77189E-08	-7.265E-11
0.1525	3.00257E-08	-2.99553E-08	6.05E-11
0.155	3.23093E-08	-3.22913E-08	4.19E-11
0.1575	3.46848E-08	-3.4637E-08	-1.76E-11
0.16	3.71165E-08	-3.70499E-08	2.525E-11
0.1625	3.95458E-08	-3.95325E-08	-1.765E-11
0.165	4.19797E-08	-4.19356E-08	-4.68E-11
0.1675	4.43863E-08	-4.43922E-08	4.665E-11
0.17	4.68071E-08	-4.67561E-08	-3.495E-11
0.1725	4.92957E-08	-4.91578E-08	-7.55E-12
0.175	5.15233E-08	-5.15693E-08	-9.3E-12
0.1775	5.37976E-08	-5.38398E-08	-1.85E-11
0.18	5.59905E-08	-5.58859E-08	-1.555E-11
0.1825	5.80943E-08	-5.79967E-08	5.81E-11
0.185	6.01737E-08	-6.01644E-08	-4.525E-11
0.1875	6.20511E-08	-6.20275E-08	1.95E-11
0.19	6.39785E-08	-6.39627E-08	-5.605E-11
0.1925	6.58134E-08	-6.58347E-08	-4.025E-11
0.195	6.76193E-08	-6.75956E-08	6.755E-11
0.1975	6.9325E-08	-6.92825E-08	-4.05E-11
0.2	7.10383E-08	-7.09305E-08	-2.3E-11
0.2025	7.25815E-08	-7.256E-08	-1.965E-11
0.205	7.42354E-08	-7.40803E-08	-5.45E-12
0.2075	7.56548E-08	-7.56059E-08	-4.8E-11
0.21	7.70613E-08	-7.69487E-08	4.49E-11
0.2125	7.83603E-08	-7.83462E-08	-6.82E-11
0.215	7.96077E-08	-7.96161E-08	5.09E-11
0.2175	8.08698E-08	-8.08327E-08	-7.4E-12
0.22	8.20583E-08	-8.20386E-08	-6.635E-11
0.2225	8.32732E-08	-8.31991E-08	5.905E-11
0.225	8.44364E-08	-8.4426E-08	-3.35E-12
0.2275	8.5518E-08	-8.54743E-08	-3.17E-11
0.23	8.6515E-08	-8.64578E-08	4.84E-11
0.2325	8.74578E-08	-8.74237E-08	-2.025E-11
0.235	8.83157E-08	-8.83234E-08	3.75E-11
0.2375	8.9169E-08	-8.9139E-08	9.5E-12
0.24	8.99778E-08	-8.99442E-08	-6.18E-11
0.2425	9.07406E-08	-9.07186E-08	1.565E-11
0.245	9.1489E-08	-9.14626E-08	-3E-12
0.2475	9.21349E-08	-9.21179E-08	3.755E-11
0.25	9.27876E-08	-9.28171E-08	1.12E-11
0.2525	9.34631E-08	-9.34506E-08	1.24E-11
0.255	9.41076E-08	-9.4101E-08	-1.835E-11
0.2575	9.46993E-08	-9.47047E-08	5.135E-11
0.26	9.53489E-08	-9.53223E-08	-2.62E-11
0.2625	9.58922E-08	-9.59136E-08	5.17E-11
0.265	9.64662E-08	-9.64899E-08	7.265E-11
0.2675	9.69587E-08	-9.69243E-08	-5.165E-11
0.27	9.75202E-08	-9.7484E-08	2.165E-11
0.2725	9.80796E-08	-9.80712E-08	6.53E-11
0.275	9.86146E-08	-9.85938E-08	-2.6E-11
0.2775	9.9153E-08	-9.91131E-08	2.705E-11
0.28	9.95538E-08	-9.9501E-08	-4.485E-11
0.2825	1.000524E-07	-1.000192E-07	-4.115E-11
0.285	1.005496E-07	-1.005135E-07	6.045E-11
0.2875	1.010367E-07	-1.01007E-07	-1.13E-11
0.29	1.015229E-07	-1.01459E-07	-3.75E-12
0.2925	1.019546E-07	-1.019206E-07	-7.5E-13
0.295	1.023808E-07	-1.023715E-07	-1.1E-11
0.2975	1.028253E-07	-1.028129E-07	1.475E-11
0.3	1.032236E-07	-1.032076E-07	1.555E-11
0.3025	1.036089E-07	-1.036021E-07	-7.28E-11
0.305	1.040293E-07	-1.040036E-07	6.13E-11
0.3075	1.044122E-07	-1.044221E-07	-3.08E-11
0.31	1.048044E-07	-1.047934E-07	-7.84E-11
0.3125	1.05153E-07	-1.051442E-07	2.415E-11
0.315	1.055358E-07	-1.055213E-07	-4.77E-11
0.3175	1.058717E-07	-1.058768E-07	-7.545E-11
0.32	1.062497E-07	-1.062193E-07	1.03E-11
0.3225	1.065553E-07	-1.065539E-07	1.25E-12
0.325	1.069104E-07	-1.068639E-07	3.44E-11
0.3275	1.072393E-07	-1.07208E-07	3.785E-11
0.33	1.075563E-07	-1.075295E-07	-2.115E-11
0.3325	1.078559E-07	-1.078382E-07	-4.9E-12
0.335	1.0816E-07	-1.081411E-07	3.245E-11
0.3375	1.084811E-07	-1.084584E-07	1.835E-11
0.34	1.088001E-07	-1.087571E-07	1.875E-11
0.3425	1.091092E-07	-1.090732E-07	1.575E-11
0.345	1.094128E-07	-1.094037E-07	-4.095E-11
0.3475	1.097248E-07	-1.097001E-07	8.69E-11
0.35	1.100365E-07	-1.099954E-07	-2.465E-11
0.3525	1.103817E-07	-1.103413E-07	4.75E-11
0.355	1.106675E-07	-1.10641E-07	4.43E-11
0.3575	1.109702E-07	-1.109215E-07	-4.82E-11
0.36	1.112666E-07	-1.112381E-07	1.215E-11
0.3625	1.115302E-07	-1.114889E-07	7.99E-11
0.365	1.118359E-07	-1.117971E-07	-8.625E-11
0.3675	1.121254E-07	-1.120618E-07	5.13E-11
0.37	1.123717E-07	-1.123702E-07	-5.825E-11
0.3725	1.126485E-07	-1.126193E-07	-5.14E-11
0.375	1.129265E-07	-1.129127E-07	4.275E-11
0.3775	1.131722E-07	-1.131636E-07	-2.45E-12
0.38	1.134667E-07	-1.13424E-07	-5.23E-11
0.3825	1.137177E-07	-1.137133E-07	2.245E-11
0.385	1.139739E-07	-1.13981E-07	-4.12E-11
0.3875	1.140507E-07	-1.142119E-07	7.45E-11
0.39	1.142883E-07	-1.143019E-07	2.075E-11
0.3925	1.145372E-07	-1.145307E-07	-3.05E-11
0.395	1.148138E-07	-1.148081E-07	9.05E-12
0.3975	1.15052E-07	-1.14998E-07	-1.75E-12
0.4	1.15297E-07	-1.15231E-07	2.35E-12
0.4025	1.15542E-07	-1.155E-07	2.08E-11
0.405	1.15826E-07	-1.15737E-07	-5.4E-11
0.4075	1.16046E-07	-1.15975E-07	6.07E-11
0.41	1.16296E-07	-1.16219E-07	-3.22E-11
0.4125	1.16526E-07	-1.16451E-07	6.18E-11
0.415	1.16794E-07	-1.16703E-07	1.855E-11
0.4175	1.1704E-07	-1.16978E-07	-1.015E-11
0.42	1.1724E-07	-1.17206E-07	3.57E-11
0.4225	1.17513E-07	-1.17427E-07	8.83E-11
0.425	1.177E-07	-1.17692E-07	-1.385E-11
0.4275	1.17967E-07	-1.17922E-07	2.6E-11
0.43	1.18149E-07	-1.18113E-07	-4.75E-12
0.4325	1.1837E-07	-1.18321E-07	-4.01E-11
0.435	1.18607E-07	-1.1854E-07	6.085E-11
0.4375	1.18871E-07	-1.18829E-07	-4.46E-11
0.44	1.1907E-07	-1.19011E-07	2.225E-11
0.4425	1.1932E-07	-1.19253E-07	4.41E-11
0.445	1.19511E-07	-1.19459E-07	-2.95E-12
0.4475	1.19774E-07	-1.19703E-07	-9.45E-12
0.45	1.19995E-07	-1.19935E-07	5.825E-11
0.4525	1.20201E-07	-1.20168E-07	-3.85E-11
0.455	1.20259E-07	-1.20289E-07	-1.205E-11
0.4575	1.20469E-07	-1.20429E-07	-6.095E-11
0.46	1.20716E-07	-1.20656E-07	-8.41E-11
0.4625	1.20906E-07	-1.20834E-07	1.59E-11
0.465	1.21128E-07	-1.21047E-07	-2.09E-11
0.4675	1.21321E-07	-1.21267E-07	-5.85E-12
0.47	1.21519E-07	-1.21495E-07	-7.9E-12
0.4725	1.21762E-07	-1.21673E-07	-2.245E-11
0.475	1.21911E-07	-1.21888E-07	2.32E-11
0.4775	1.22146E-07	-1.2209E-07	6.08E-11
0.48	1.22326E-07	-1.2227E-07	-6.305E-11
0.4825	1.22512E-07	-1.22475E-07	3.745E-11
0.485	1.22721E-07	-1.22657E-07	-6.955E-11
0.4875	1.2289E-07	-1.22853E-07	-3.62E-11
0.49	1.23045E-07	-1.23015E-07	6.38E-11
0.4925	1.23259E-07	-1.23197E-07	-8.45E-12
0.495	1.23452E-07	-1.23365E-07	-1.865E-11
0.4975	1.23628E-07	-1.23571E-07	-9E-12
0.5	1.23685E-07	-1.23701E-07	7.4E-12
0	1.52E-13	-2.09E-13	6.355E-11
0.0025	1.84E-13	-2.5E-13	2.75E-11
0.005	7.2E-14	-2.46E-13	-1.54E-11
0.0075	8.6E-14	-2.99E-13	-3.235E-11
0.01	1.2E-14	-1.99E-13	6.6E-12
0.0125	3.39E-13	-2.44E-13	1.9E-12
0.015	2.87E-13	-2.11E-13	1.14E-11
0.0175	4.9E-14	-2.24E-13	1.995E-11
0.02	2.8E-14	-2.95E-13	-6.085E-11
0.0225	7.3E-14	-2.29E-13	3.91E-11
0.025	1.2E-14	-2.68E-13	-1.56E-11
0.0275	4.6E-14	-3.05E-13	9.615E-11
0.03	1.78E-13	-3.9E-13	5.54E-11
0.0325	3.61E-13	-4.73E-13	-7.49E-11
0.035	4.15E-13	-5.1E-13	-1.2E-12
0.0375	5.67E-13	-8.61E-13	7.2E-12
0.04	9.26E-13	-1.108E-12	-7.39E-11
0.0425	1.594E-12	-1.834E-12	5.2E-11
0.045	2.526E-12	-2.615E-12	-5.86E-11
0.0475	3.663E-12	-3.877E-12	-4.65E-12
0.05	5.934E-12	-6.124E-12	-7.85E-11
0.0525	9.355E-12	-9.302E-12	-1.725E-11
0.055	1.3767E-11	-1.3854E-11	9.96E-11
0.0575	2.0392E-11	-2.0694E-11	-1.4E-12
0.06	3.0747E-11	-3.0384E-11	-3.68E-11
0.0625	4.4231E-11	-4.516E-11	1.335E-11
0.065	6.3515E-11	-6.3426E-11	4.085E-11
0.0675	8.8399E-11	-8.933E-11	7.385E-11
0.07	1.23403E-10	-1.22633E-10	-4.965E-11
0.0725	1.69266E-10	-1.69732E-10	7.61E-11
0.075	2.30061E-10	-2.31043E-10	3.115E-11
0.0775	3.1027E-10	-3.1175E-10	-7.27E-11
0.08	4.12746E-10	-4.13195E-10	3.51E-11
0.0825	5.41216E-10	-5.39967E-10	-1.71E-11
0.085	7.03879E-10	-7.0428E-10	-6.525E-11
0.0875	8.94496E-10	-8.92083E-10	-1.15E-12
0.09	1.1305E-09	-1.122101E-09	-8.615E-11
0.0925	1.4045E-09	-1.40003E-09	2.805E-11
0.095	1.73072E-09	-1.73579E-09	-4.16E-11
0.0975	2.10764E-09	-2.11249E-09	4.73E-11
0.1	2.55372E-09	-2.5595E-09	-1.77E-11
0.1025	3.05835E-09	-3.05812E-09	-4.325E-11
0.105	3.6371E-09	-3.64402E-09	5.885E-11
0.1075	4.28239E-09	-4.30528E-09	-1.49E-11
0.11	4.99988E-09	-5.01643E-09	9.06E-11
0.1125	5.80094E-09	-5.80648E-09	7.72E-11
0.115	6.69732E-09	-6.70314E-09	-7.02E-11
0.1175	7.70142E-09	-7.69494E-09	3.605E-11
0.12	8.78781E-09	-8.78707E-09	7.75E-11
0.1225	9.98051E-09	-9.9851E-09	-3.54E-11
0.125	1.12566E-08	-1.125929E-08	-5.4E-12
0.1275	1.26707E-08	-1.26434E-08	-2.98E-11
0.13	1.41884E-08	-1.41516E-08	6.625E-11
0.1325	1.57929E-08	-1.57635E-08	-4.14E-11
0.135	1.75328E-08	-1.74943E-08	1.095E-11
0.1375	1.93683E-08	-1.93468E-08	3.67E-11
0.14	2.12947E-08	-2.12687E-08	1.66E-11
0.1425	2.3291E-08	-2.32765E-08	-1.02E-11
0.145	2.54187E-08	-2.53954E-08	-4.6E-12
0.1475	2.761E-08	-2.76037E-08	-7.875E-11
0.15	2.99311E-08	-2.98953E-08	1.395E-11
0.1525	3.23197E-08	-3.22758E-08	-2.705E-11
0.155	3.47919E-08	-3.47726E-08	-4.05E-12
0.1575	3.7397E-08	-3.73844E-08	-4.415E-11
0.16	4.00714E-08	-4.00824E-08	-3.4E-12
0.1625	4.28617E-08	-4.28378E-08	-9.4E-12
0.165	4.57028E-08	-4.57054E-08	3.89E-11
0.1675	4.8625E-08	-4.85952E-08	-8.005E-11
0.17	5.15577E-08	-5.15582E-08	7.45E-11
0.1725	5.45422E-08	-5.45301E-08	1.75E-11
0.175	5.76002E-08	-5.75705E-08	4.13E-11
0.1775	6.06072E-08	-6.0624E-08	-1.095E-11
0.18	6.36611E-08	-6.36299E-08	3.545E-11
0.1825	6.65635E-08	-6.65951E-08	-5.145E-11
0.185	6.95053E-08	-6.95023E-08	4.525E-11
0.1875	7.23311E-08	-7.24119E-08	-3.46E-11
0.19	7.51057E-08	-7.51965E-08	2.6E-12
0.1925	7.79118E-08	-7.78806E-08	-4.24E-11
0.195	8.04178E-08	-8.0476E-08	1.135E-11
0.1975	8.29569E-08	-8.29813E-08	-4.155E-11
0.2	8.54205E-08	-8.53378E-08	3.325E-11
0.2025	8.77217E-08	-8.75997E-08	-4.955E-11
0.205	9.00084E-08	-8.99667E-08	3.985E-11
0.2075	9.20586E-08	-9.21012E-08	2.885E-11
0.21	9.41576E-08	-9.41742E-08	-2E-13
0.2125	9.61686E-08	-9.60544E-08	4.57E-11
0.215	9.79724E-08	-9.79271E-08	1.72E-11
0.2175	9.97762E-08	-9.97889E-08	-1.44E-11
0.22	1.014252E-07	-1.013832E-07	5.175E-11
0.2225	1.029559E-07	-1.029556E-07	-1.12E-11
0.225	1.044526E-07	-1.044559E-07	-3.165E-11
0.2275	1.059277E-07	-1.059006E-07	-2.05E-11
0.23	1.072999E-07	-1.072621E-07	-1.05E-12
0.2325	1.086084E-07	-1.085614E-07	4.4E-12
0.235	1.098305E-07	-1.097824E-07	1.905E-11
0.2375	1.11014E-07	-1.109618E-07	-3.89E-11
0.24	1.121098E-07	-1.120755E-07	-1.03E-11
0.2425	1.131258E-07	-1.130812E-07	2.345E-11
0.245	1.140775E-07	-1.140563E-07	3.95E-12
0.2475	1.15046E-07	-1.14952E-07	-4.27E-11
0.25	1.15807E-07	-1.15787E-07	-6.59E-11
0.2525	1.16637E-07	-1.16555E-07	-1.12E-11
0.255	1.17398E-07	-1.17318E-07	-4.875E-11
0.2575	1.18155E-07	-1.18083E-07	6.65E-12
0.26	1.18833E-07	-1.18761E-07	4.26E-11
0.2625	1.19502E-07	-1.1942E-07	-5.585E-11
0.265	1.20153E-07	-1.20136E-07	1.62E-11
0.2675	1.208E-07	-1.20717E-07	2.66E-11
0.27	1.2143E-07	-1.2136E-07	2.43E-11
0.2725	1.22036E-07	-1.21988E-07	9.5E-12
0.275	1.22621E-07	-1.22579E-07	1.395E-11
0.2775	1.23067E-07	-1.23108E-07	-3.93E-11
0.28	1.23648E-07	-1.23562E-07	3.965E-11
0.2825	1.24191E-07	-1.24155E-07	-3.95E-11
0.285	1.24745E-07	-1.24694E-07	7.185E-11
0.2875	1.25278E-07	-1.25232E-07	3.825E-11
0.29	1.25797E-07	-1.25756E-07	-6.605E-11
0.2925	1.26287E-07	-1.26223E-07	5.87E-11
0.295	1.26821E-07	-1.26773E-07	7.34E-11
0.2975	1.27299E-07	-1.27237E-07	5.145E-11
0.3	1.27779E-07	-1.27709E-07	1.085E-11
0.3025	1.28208E-07	-1.28156E-07	-6.95E-12
0.305	1.28672E-07	-1.28616E-07	-6.08E-11
0.3075	1.29097E-07	-1.29052E-07	5.34E-11
0.31	1.29502E-07	-1.29476E-07	-2.265E-11
0.3125	1.29957E-07	-1.29887E-07	-3.37E-11
0.315	1.30365E-07	-1.30316E-07	2.46E-11
0.3175	1.30768E-07	-1.3071E-07	-1.405E-11
0.32	1.31128E-07	-1.31126E-07	-2.205E-11
0.3225	1.31512E-07	-1.3145E-07	3.92E-11
0.325	1.31904E-07	-1.3182E-07	-5.245E-11
0.3275	1.32284E-07	-1.32182E-07	4.515E-11
0.33	1.32623E-07	-1.32568E-07	-1.35E-10
0.3325	1.32935E-07	-1.32915E-07	-5.64E-11
0.335	1.33345E-07	-1.33257E-07	5.15E-11
0.3375	1.33706E-07	-1.33634E-07	-4.515E-11
0.34	1.34003E-07	-1.33961E-07	-3.2E-11
0.3425	1.34375E-07	-1.34287E-07	-2.37E-11
0.345	1.34693E-07	-1.34607E-07	-2.13E-11
0.3475	1.35019E-07	-1.34926E-07	1.905E-11
0.35	1.35411E-07	-1.35327E-07	3.875E-11
0.3525	1.35716E-07	-1.35643E-07	-5.045E-11
0.355	1.36018E-07	-1.35971E-07	1.195E-11
0.3575	1.36322E-07	-1.36272E-07	3.315E-11
0.36	1.36648E-07	-1.36626E-07	1.075E-11
0.3625	1.37118E-07	-1.36971E-07	1.01E-11
0.365	1.37372E-07	-1.37327E-07	-1.135E-11
0.3675	1.37673E-07	-1.3762E-07	-5.675E-11
0.37	1.37932E-07	-1.37899E-07	5.61E-11
0.3725	1.38231E-07	-1.38179E-07	-2.09E-11
0.375	1.38565E-07	-1.38493E-07	6.82E-11
0.3775	1.38848E-07	-1.38794E-07	1.485E-11
0.38	1.3881E-07	-1.38762E-07	-3.79E-11
0.3825	1.39101E-07	-1.39038E-07	2.615E-11
0.385	1.39361E-07	-1.39315E-07	1.78E-11
0.3875	1.39655E-07	-1.39571E-07	6.2E-12
0.39	1.39922E-07	-1.39863E-07	1.835E-11
0.3925	1.40209E-07	-1.40134E-07	-3.8E-12
0.395	1.40448E-07	-1.40386E-07	-4.35E-11
0.3975	1.40714E-07	-1.40655E-07	5.6E-11
0.4	1.40945E-07	-1.40849E-07	-9.91E-11
0.4025	1.412E-07	-1.41112E-07	5.01E-11
0.405	1.41476E-07	-1.41412E-07	2.815E-11
0.4075	1.41763E-07	-1.41683E-07	-4.245E-11
0.41	1.42005E-07	-1.41946E-07	3.22E-11
0.4125	1.42024E-07	-1.42167E-07	4.845E-11
0.415	1.42364E-07	-1.42285E-07	2.61E-11
0.4175	1.42643E-07	-1.42595E-07	-1.6E-12
0.42	1.42901E-07	-1.42813E-07	7.9E-12
0.4225	1.4316E-07	-1.43089E-07	-2.3E-11
0.425	1.43432E-07	-1.43346E-07	4.765E-11
0.4275	1.4365E-07	-1.43591E-07	-2.29E-11
0.43	1.43897E-07	-1.43861E-07	6.145E-11
0.4325	1.44154E-07	-1.44129E-07	6.21E-11
0.435	1.44384E-07	-1.4433E-07	-5.775E-11
0.4375	1.44669E-07	-1.44608E-07	7.275E-11
0.44	1.44901E-07	-1.44839E-07	4.14E-11
0.4425	1.45156E-07	-1.4511E-07	3.78E-11
0.445	1.45396E-07	-1.45389E-07	2.755E-11
0.4475	1.45987E-07	-1.45766E-07	4.35E-12
0.45	1.46222E-07	-1.46187E-07	-5.575E-11
0.4525	1.4646E-07	-1.4641E-07	3.035E-11
0.455	1.46733E-07	-1.46646E-07	3.165E-11
0.4575	1.46952E-07	-1.46892E-07	3.31E-11
0.46	1.4724E-07	-1.4715E-07	4.755E-11
0.4625	1.47502E-07	-1.47425E-07	-5.46E-11
0.465	1.4775E-07	-1.47645E-07	1.16E-11
0.4675	1.47937E-07	-1.47855E-07	-5.68E-11
0.47	1.48084E-07	-1.48018E-07	-8.22E-11
0.4725	1.48306E-07	-1.48232E-07	6.56E-11
0.475	1.48556E-07	-1.48475E-07	4.8E-12
0.4775	1.48718E-07	-1.4869E-07	-2.39E-11
0.48	1.49007E-07	-1.48905E-07	-3.695E-11
0.4825	1.49187E-07	-1.49115E-07	5.05E-12
0.485	1.49389E-07	-1.49319E-07	-1.18E-11
0.4875	1.49617E-07	-1.49557E-07	4.765E-11
0.49	1.49857E-07	-1.49785E-07	-8.985E-11
0.4925	1.50054E-07	-1.50002E-07	-3.05E-12
0.495	1.5031E-07	-1.50199E-07	-6.245E-11
0.4975	1.50502E-07	-1.5043E-07	-5.16E-11
0.5	1.50741E-07	-1.50682E-07	7.91E-11
0	-8.9E-14	-2.38E-13	-3.155E-11
0.0025	-3.6E-14	-2.49E-13	-4.525E-11
0.005	1.97E-13	-2.3E-13	6.3E-12
0.0075	5.9E-14	-2.43E-13	-5.91E-11
0.01	2.31E-13	-2.58E-13	-2.655E-11
0.0125	1.5E-14	-3.02E-13	4.6E-11
0.015	4.6E-14	-2.88E-13	8.95E-12
0.0175	-8.7E-14	-2.95E-13	-1.795E-11
0.02	1.2E-13	-2.56E-13	1.63E-11
0.0225	-1.02E-13	-2.53E-13	-5.375E-11
0.025	2.28E-13	-3.05E-13	5.7E-11
0.0275	2.25E-13	-3.57E-13	-1.45E-12
0.03	1.42E-13	-3.57E-13	-2.73E-11
0.0325	2.5E-13	-4.92E-13	5.67E-11
0.035	2.98E-13	-6.87E-13	3.885E-11
0.0375	7.67E-13	-8.92E-13	2.38E-11
0.04	1.156E-12	-1.357E-12	-1.74E-11
0.0425	1.747E-12	-1.967E-12	-1.095E-11
0.045	2.924E-12	-3.023E-12	6.455E-11
0.0475	4.378E-12	-4.652E-12	-5.55E-11
0.05	6.75E-12	-6.985E-12	1.97E-11
0.0525	9.775E-12	-1.0201E-11	1.775E-11
0.055	1.5508E-11	-1.5741E-11	-7.32E-11
0.0575	2.3149E-11	-2.3192E-11	-1.11E-11
0.06	3.376E-11	-3.3679E-11	-4.85E-11
0.0625	4.8937E-11	-4.8559E-11	2.945E-11
0.065	6.9527E-11	-6.9521E-11	-1.97E-11
0.0675	9.7637E-11	-9.7613E-11	-7.52E-11
0.07	1.34009E-10	-1.34086E-10	8.42E-11
0.0725	1.83682E-10	-1.84564E-10	-1.795E-11
0.075	2.49391E-10	-2.48327E-10	-5.635E-11
0.0775	3.34658E-10	-3.33659E-10	5.385E-11
0.08	4.42984E-10	-4.42043E-10	1.81E-11
0.0825	5.83174E-10	-5.81925E-10	2.865E-11
0.085	7.49733E-10	-7.50968E-10	-1.125E-11
0.0875	9.52612E-10	-9.53631E-10	8.575E-11
0.09	1.19918E-09	-1.2012E-09	6.395E-11
0.0925	1.49502E-09	-1.49377E-09	1.905E-11
0.095	1.83895E-09	-1.82859E-09	2.75E-11
0.0975	2.23924E-09	-2.23915E-09	-2.4E-11
0.1	2.7102E-09	-2.70299E-09	1.4E-12
0.1025	3.2508E-09	-3.24668E-09	-9.85E-12
0.105	3.84817E-09	-3.85775E-09	-4.6E-11
0.1075	4.5466E-09	-4.55013E-09	6.545E-11
0.11	5.31967E-09	-5.31693E-09	-3.1E-11
0.1125	6.18386E-09	-6.18372E-09	4.49E-11
0.115	7.13535E-09	-7.13042E-09	4.075E-11
0.1175	8.17955E-09	-8.17171E-09	-7.1E-12
0.12	9.32228E-09	-9.32035E-09	-3.855E-11
0.1225	1.056591E-08	-1.056038E-08	4.14E-11
0.125	1.19262E-08	-1.19072E-08	4.245E-11
0.1275	1.33864E-08	-1.33696E-08	1.25E-12
0.13	1.49554E-08	-1.49347E-08	1.032E-10
0.1325	1.66525E-08	-1.66224E-08	2.805E-11
0.135	1.84723E-08	-1.84507E-08	1.795E-11
0.1375	2.03765E-08	-2.03558E-08	2.465E-11
0.14	2.23776E-08	-2.23698E-08	1.017E-10
0.1425	2.4505E-08	-2.44854E-08	-9.83E-11
0.145	2.66983E-08	-2.66753E-08	6.41E-11
0.1475	2.90181E-08	-2.89939E-08	-8.38E-11
0.15	3.14741E-08	-3.14373E-08	-5.625E-11
0.1525	3.39909E-08	-3.39722E-08	4.64E-11
0.155	3.66574E-08	-3.66183E-08	-1.905E-11
0.1575	3.94335E-08	-3.94104E-08	-5.44E-11
0.16	4.2303E-08	-4.2253E-08	3.08E-11
0.1625	4.5287E-08	-4.52731E-08	1.66E-11
0.165	4.84322E-08	-4.83773E-08	6.055E-11
0.1675	5.16572E-08	-5.16056E-08	1.082E-10
0.17	5.49676E-08	-5.49338E-08	-3.5E-11
0.1725	5.84163E-08	-5.83745E-08	2.23E-11
0.175	6.20071E-08	-6.19578E-08	1.975E-11
0.1775	6.55861E-08	-6.55851E-08	5.095E-11
0.18	6.92539E-08	-6.91974E-08	3.32E-11
0.1825	7.3019E-08	-7.29893E-08	-1.095E-11
0.185	7.67695E-08	-7.67025E-08	-4.27E-11
0.1875	8.04961E-08	-8.04408E-08	7.215E-11
0.19	8.41521E-08	-8.41911E-08	-4.255E-11
0.1925	8.78458E-08	-8.7815E-08	3.65E-12
0.195	9.1367E-08	-9.13534E-08	-1.195E-11
0.1975	9.48775E-08	-9.48699E-08	-1.085E-11
0.2	9.8094E-08	-9.81761E-08	-4.25E-12
0.2025	1.013482E-07	-1.013176E-07	8.72E-11
0.205	1.044323E-07	-1.043905E-07	-1.0295E-10
0.2075	1.072326E-07	-1.072835E-07	-2.2E-12
0.21	1.099358E-07	-1.099234E-07	-4.705E-11
0.2125	1.125079E-07	-1.124682E-07	-1.765E-11
0.215	1.15049E-07	-1.148948E-07	-1.13E-11
0.2175	1.17363E-07	-1.17306E-07	-1.2E-11
0.22	1.19537E-07	-1.19483E-07	-6.795E-11
0.2225	1.21557E-07	-1.21512E-07	2.04E-11
0.225	1.23638E-07	-1.23493E-07	3.15E-12
0.2275	1.23714E-07	-1.25438E-07	2.725E-11
0.23	1.2392E-07	-1.23834E-07	5.965E-11
0.2325	1.256E-07	-1.25545E-07	-3.915E-11
0.235	1.27211E-07	-1.27104E-07	5.905E-11
0.2375	1.28738E-07	-1.28674E-07	-2.78E-11
0.24	1.30144E-07	-1.30094E-07	-9.365E-11
0.2425	1.31551E-07	-1.31477E-07	6.265E-11
0.245	1.33725E-07	-1.3282E-07	-2.255E-11
0.2475	1.37517E-07	-1.3743E-07	-2.45E-12
0.25	1.38676E-07	-1.38576E-07	2.95E-12
0.2525	1.39795E-07	-1.39718E-07	2.4E-12
0.255	1.40818E-07	-1.40692E-07	-9.1E-12
0.2575	1.41788E-07	-1.41725E-07	7.695E-11
0.26	1.42716E-07	-1.42631E-07	-8.035E-11
0.2625	1.43572E-07	-1.43502E-07	2.785E-11
0.265	1.44372E-07	-1.44342E-07	-5.89E-11
0.2675	1.45486E-07	-1.45325E-07	-5.205E-11
0.27	1.45998E-07	-1.46081E-07	6.13E-11
0.2725	1.46805E-07	-1.46709E-07	-1E-13
0.275	1.47247E-07	-1.47471E-07	2.32E-11
0.2775	1.47942E-07	-1.47923E-07	6.5E-12
0.28	1.48696E-07	-1.48609E-07	-6.15E-12
0.2825	1.49351E-07	-1.49301E-07	1.37E-11
0.285	1.50056E-07	-1.50006E-07	7.57E-11
0.2875	1.50703E-07	-1.50664E-07	-4.46E-11
0.29	1.51401E-07	-1.51312E-07	1.255E-11
0.2925	1.52057E-07	-1.52017E-07	-8.45E-12
0.295	1.52659E-07	-1.52589E-07	-4.57E-11
0.2975	1.53303E-07	-1.53228E-07	6.87E-11
0.3	1.53881E-07	-1.53832E-07	-2.33E-11
0.3025	1.54456E-07	-1.54408E-07	3.215E-11
0.305	1.55057E-07	-1.55002E-07	5.945E-11
0.3075	1.55652E-07	-1.55573E-07	-9.7E-12
0.31	1.56245E-07	-1.5616E-07	-2.145E-11
0.3125	1.56783E-07	-1.56705E-07	5.03E-11
0.315	1.57324E-07	-1.57266E-07	-5.045E-11
0.3175	1.57878E-07	-1.57792E-07	-4.06E-11
0.32	1.58341E-07	-1.58268E-07	-6.75E-11
0.3225	1.58896E-07	-1.58789E-07	-8.76E-11
0.325	1.5933E-07	-1.59268E-07	2.94E-11
0.3275	1.59801E-07	-1.5974E-07	-6.6E-12
0.33	1.6027E-07	-1.60194E-07	-1.055E-11
0.3325	1.60112E-07	-1.60676E-07	-1.255E-11
0.335	1.58182E-07	-1.58067E-07	-5.3E-12
0.3375	1.58607E-07	-1.58535E-07	-1.31E-11
0.34	1.62153E-07	-1.62069E-07	3.815E-11
0.3425	1.62629E-07	-1.62539E-07	-7.65E-11
0.345	1.63054E-07	-1.62974E-07	6.835E-11
0.3475	1.63461E-07	-1.6342E-07	-6.32E-11
0.35	1.6388E-07	-1.63823E-07	-6.08E-11
0.3525	1.64247E-07	-1.64189E-07	1.24E-11
0.355	1.64674E-07	-1.64578E-07	-1E-12
0.3575	1.65121E-07	-1.6504E-07	-5.335E-11
0.36	1.65529E-07	-1.65443E-07	5.295E-11
0.3625	1.65874E-07	-1.65836E-07	-2.165E-11
0.365	1.66326E-07	-1.66248E-07	7.66E-11
0.3675	1.66688E-07	-1.66611E-07	3.52E-11
0.37	1.6714E-07	-1.67036E-07	-1.44E-11
0.3725	1.67476E-07	-1.67397E-07	6.15E-12
0.375	1.67842E-07	-1.6779E-07	1.055E-11
0.3775	1.68243E-07	-1.68196E-07	1.35E-11
0.38	1.68638E-07	-1.68542E-07	-4.7E-12
0.3825	1.66224E-07	-1.65957E-07	2.14E-11
0.385	1.69318E-07	-1.69266E-07	-4.38E-11
0.3875	1.69697E-07	-1.69637E-07	4.77E-11
0.39	1.70069E-07	-1.69982E-07	-5.67E-11
0.3925	1.70409E-07	-1.70367E-07	1.7E-11
0.395	1.70726E-07	-1.70661E-07	3.51E-11
0.3975	1.71157E-07	-1.7107E-07	-3.56E-11
0.4	1.71506E-07	-1.71413E-07	1.5E-13
0.4025	1.71882E-07	-1.71786E-07	7.865E-11
0.405	1.72209E-07	-1.72173E-07	-7.78E-11
0.4075	1.72542E-07	-1.72505E-07	3.235E-11
0.41	1.72851E-07	-1.72814E-07	-5.705E-11
0.4125	1.73194E-07	-1.73145E-07	-4.39E-11
0.415	1.73533E-07	-1.73436E-07	5.87E-11
0.4175	1.73905E-07	-1.73844E-07	-1.55E-12
0.42	1.7423E-07	-1.74174E-07	-4.12E-11
0.4225	1.73559E-07	-1.74466E-07	-4.8E-12
0.425	1.74919E-07	-1.74846E-07	-1.05E-11
0.4275	1.75266E-07	-1.75179E-07	-7.9E-12
0.43	1.75367E-07	-1.75509E-07	5.05E-12
0.4325	1.75664E-07	-1.75575E-07	-8.685E-11
0.435	1.75998E-07	-1.75955E-07	3.55E-11
0.4375	1.7608E-07	-1.75352E-07	-1.995E-11
0.44	1.76644E-07	-1.76553E-07	9.35E-12
0.4425	1.76941E-07	-1.76913E-07	2.055E-11
0.445	1.77253E-07	-1.77198E-07	3.985E-11
0.4475	1.77613E-07	-1.76698E-07	-5.145E-11
0.45	1.77933E-07	-1.77881E-07	9.07E-11
0.4525	1.55286E-07	-1.7828E-07	-1.935E-11
0.455	1.44352E-07	-1.43477E-07	4.495E-11
0.4575	1.45732E-07	-1.39964E-07	1.0615E-10
0.46	1.46084E-07	-1.45865E-07	-2.925E-11
0.4625	1.79352E-07	-1.51871E-07	3.89E-11
0.465	1.79686E-07	-1.79666E-07	3.38E-11
0.4675	1.80044E-07	-1.79941E-07	-4.5E-12
0.47	1.78434E-07	-1.79686E-07	3.47E-11
0.4725	1.8056E-07	-1.79407E-07	-7.915E-11
0.475	1.78384E-07	-1.79847E-07	-4.24E-11
0.4775	1.81111E-07	-1.81042E-07	7.565E-11
0.48	1.81341E-07	-1.80978E-07	-3.81E-11
0.4825	1.81655E-07	-1.81562E-07	-1.55E-12
0.485	1.80041E-07	-1.80488E-07	-1.95E-12
0.4875	1.82174E-07	-1.82141E-07	-1.105E-11
0.49	1.82456E-07	-1.82373E-07	9.5E-13
0.4925	1.82761E-07	-1.82692E-07	9.63E-11
0.495	1.83031E-07	-1.82901E-07	-9.655E-11
0.4975	1.833E-07	-1.83192E-07	7.5E-13
0.5	1.83592E-07	-1.83474E-07	-9.98E-11
