7.000000000000000146e-03 7.300000000000000065e-03
4.733333333333333143e-02 4.789999999999999813e-02
8.766666666666667052e-02 8.820000000000000062e-02
1.280000000000000027e-01 1.285000000000000031e-01
1.683333333333333348e-01 1.685000000000000109e-01
2.086666666666666670e-01 2.089999999999999913e-01
2.489999999999999991e-01 2.489999999999999991e-01
2.893333333333333313e-01 2.896000000000000241e-01
3.296666666666666634e-01 3.299000000000000266e-01
3.699999999999999956e-01 3.701999999999999735e-01
4.103333333333333277e-01 4.104999999999999760e-01
4.506666666666666599e-01 4.506999999999999895e-01
4.909999999999999920e-01 4.909999999999999920e-01
5.313333333333333242e-01 5.315999999999999615e-01
5.716666666666666563e-01 5.718999999999999639e-01
6.119999999999999885e-01 6.121999999999999664e-01
6.523333333333333206e-01 6.524999999999999689e-01
6.926666666666666528e-01 6.926999999999999824e-01
7.329999999999999849e-01 7.329999999999999849e-01
7.733333333333333171e-01 7.730000000000000204e-01
8.136666666666666492e-01 8.135999999999999899e-01
8.539999999999999813e-01 8.541999999999999593e-01
8.943333333333333135e-01 8.941999999999999948e-01
9.346666666666666456e-01 9.344000000000000083e-01
9.749999999999999778e-01 9.747000000000000108e-01
1.015333333333333199e+00 1.014999999999999902e+00
1.055666666666666531e+00 1.055600000000000094e+00
1.095999999999999863e+00 1.095900000000000096e+00
1.136333333333333195e+00 1.136200000000000099e+00
1.176666666666666528e+00 1.176500000000000101e+00
1.216999999999999860e+00 1.216699999999999893e+00
1.257333333333333192e+00 1.256999999999999895e+00
1.297666666666666524e+00 1.297600000000000087e+00
1.337999999999999856e+00 1.337900000000000089e+00
1.378333333333333188e+00 1.377899999999999903e+00
1.418666666666666520e+00 1.418500000000000094e+00
1.458999999999999853e+00 1.458399999999999919e+00
1.499333333333333185e+00 1.498699999999999921e+00
1.539666666666666517e+00 1.539299999999999891e+00
1.579999999999999849e+00 1.579599999999999893e+00
1.620333333333333181e+00 1.619899999999999896e+00
1.660666666666666513e+00 1.660199999999999898e+00
1.700999999999999845e+00 1.700399999999999912e+00
1.741333333333333178e+00 1.740699999999999914e+00
1.781666666666666510e+00 1.780999999999999917e+00
1.821999999999999842e+00 1.821600000000000108e+00
1.862333333333333174e+00 1.861900000000000110e+00
1.902666666666666506e+00 1.902199999999999891e+00
1.942999999999999838e+00 1.942399999999999904e+00
1.983333333333333171e+00 1.982399999999999940e+00
2.023666666666666725e+00 2.023000000000000131e+00
2.064000000000000057e+00 2.063299999999999912e+00
2.104333333333333389e+00 2.103899999999999881e+00
2.144666666666666721e+00 2.143899999999999917e+00
2.185000000000000053e+00 2.184099999999999930e+00
2.225333333333333385e+00 2.224400000000000155e+00
2.265666666666666718e+00 2.264699999999999935e+00
2.306000000000000050e+00 2.305299999999999905e+00
2.346333333333333382e+00 2.345600000000000129e+00
2.386666666666666714e+00 2.385899999999999910e+00
2.427000000000000046e+00 2.426099999999999923e+00
2.467333333333333378e+00 2.466400000000000148e+00
2.507666666666666710e+00 2.506699999999999928e+00
2.548000000000000043e+00 2.547000000000000153e+00
2.588333333333333375e+00 2.587299999999999933e+00
2.628666666666666707e+00 2.627600000000000158e+00
2.669000000000000039e+00 2.667800000000000171e+00
2.709333333333333371e+00 2.708400000000000141e+00
2.749666666666666703e+00 2.748400000000000176e+00
2.790000000000000036e+00 2.788699999999999957e+00
2.830333333333333368e+00 2.829299999999999926e+00
2.870666666666666700e+00 2.869600000000000151e+00
2.911000000000000032e+00 2.909899999999999931e+00
2.951333333333333364e+00 2.950099999999999945e+00
2.991666666666666696e+00 2.990400000000000169e+00
3.032000000000000028e+00 3.030699999999999950e+00
3.072333333333333361e+00 3.071000000000000174e+00
3.112666666666666693e+00 3.111600000000000144e+00
3.153000000000000025e+00 3.151899999999999924e+00
3.193333333333333357e+00 3.191800000000000193e+00
3.233666666666666689e+00 3.232099999999999973e+00
3.274000000000000021e+00 3.272400000000000198e+00
3.314333333333333353e+00 3.313000000000000167e+00
3.354666666666666686e+00 3.353299999999999947e+00
3.395000000000000018e+00 3.393600000000000172e+00
3.435333333333333350e+00 3.433800000000000185e+00
3.475666666666666682e+00 3.474099999999999966e+00
3.516000000000000014e+00 3.514400000000000190e+00
3.556333333333333346e+00 3.555000000000000160e+00
3.596666666666666679e+00 3.595299999999999940e+00
3.637000000000000011e+00 3.635600000000000165e+00
3.677333333333333343e+00 3.675800000000000178e+00
3.717666666666666675e+00 3.715800000000000214e+00
3.758000000000000007e+00 3.756099999999999994e+00
3.798333333333333339e+00 3.796400000000000219e+00
3.838666666666666671e+00 3.837000000000000188e+00
3.879000000000000004e+00 3.877299999999999969e+00
3.919333333333333336e+00 3.917499999999999982e+00
3.959666666666666668e+00 3.957800000000000207e+00
4.000000000000000000e+00 3.998099999999999987e+00
