7.000000000000000146e-03 9.055799999999999628e+00
4.733333333333333143e-02 0.000000000000000000e+00
8.766666666666667052e-02 0.000000000000000000e+00
1.280000000000000027e-01 0.000000000000000000e+00
1.683333333333333348e-01 0.000000000000000000e+00
2.086666666666666670e-01 6.275000000000000355e+00
2.489999999999999991e-01 7.483500000000000263e+00
2.893333333333333313e-01 8.687099999999999156e+00
3.296666666666666634e-01 9.954499999999999460e+00
3.699999999999999956e-01 5.579500000000000348e+00
4.103333333333333277e-01 6.181899999999999729e+00
4.506666666666666599e-01 6.784099999999999575e+00
4.909999999999999920e-01 7.389199999999999768e+00
5.313333333333333242e-01 7.994100000000000428e+00
5.716666666666666563e-01 8.629200000000000870e+00
6.119999999999999885e-01 9.232200000000000628e+00
6.523333333333333206e-01 4.914600000000000080e+00
6.926666666666666528e-01 5.215099999999999625e+00
7.329999999999999849e-01 5.517900000000000027e+00
7.733333333333333171e-01 5.819700000000000095e+00
8.136666666666666492e-01 6.135600000000000165e+00
8.539999999999999813e-01 6.436799999999999855e+00
8.943333333333333135e-01 6.738900000000000112e+00
9.346666666666666456e-01 7.040099999999999802e+00
9.749999999999999778e-01 7.342200000000000060e+00
1.015333333333333199e+00 7.643399999999999750e+00
1.055666666666666531e+00 7.961700000000000443e+00
1.095999999999999863e+00 8.261699999999999378e+00
1.136333333333333195e+00 8.563499999999999446e+00
1.176666666666666528e+00 8.865099999999999980e+00
1.216999999999999860e+00 3.663300000000000001e+00
1.257333333333333192e+00 3.783599999999999852e+00
1.297666666666666524e+00 3.908700000000000063e+00
1.337999999999999856e+00 4.029200000000000337e+00
1.378333333333333188e+00 4.150100000000000122e+00
1.418666666666666520e+00 4.270299999999999763e+00
1.458999999999999853e+00 4.390299999999999869e+00
1.499333333333333185e+00 4.510799999999999699e+00
1.539666666666666517e+00 4.637500000000000178e+00
1.579999999999999849e+00 4.758000000000000007e+00
1.620333333333333181e+00 4.878199999999999648e+00
1.660666666666666513e+00 4.998499999999999943e+00
1.700999999999999845e+00 5.118699999999999584e+00
1.741333333333333178e+00 5.238599999999999923e+00
1.781666666666666510e+00 5.366200000000000081e+00
1.821999999999999842e+00 5.486799999999999677e+00
1.862333333333333174e+00 5.607000000000000206e+00
1.902666666666666506e+00 5.725399999999999601e+00
1.942999999999999838e+00 5.846599999999999575e+00
1.983333333333333171e+00 5.967399999999999594e+00
2.023666666666666725e+00 6.093399999999999928e+00
2.064000000000000057e+00 6.214000000000000412e+00
2.104333333333333389e+00 6.334200000000000053e+00
2.144666666666666721e+00 6.454799999999999649e+00
2.185000000000000053e+00 6.575599999999999667e+00
2.225333333333333385e+00 6.695299999999999585e+00
2.265666666666666718e+00 6.821600000000000108e+00
2.306000000000000050e+00 6.942400000000000126e+00
2.346333333333333382e+00 7.062100000000000044e+00
2.386666666666666714e+00 7.184400000000000119e+00
2.427000000000000046e+00 7.304400000000000226e+00
2.467333333333333378e+00 7.425200000000000244e+00
2.507666666666666710e+00 7.551300000000000345e+00
2.548000000000000043e+00 7.669999999999999929e+00
2.588333333333333375e+00 7.790199999999999569e+00
2.628666666666666707e+00 7.911400000000000432e+00
2.669000000000000039e+00 8.032199999999999562e+00
2.709333333333333371e+00 8.152200000000000557e+00
2.749666666666666703e+00 8.277900000000000702e+00
2.790000000000000036e+00 8.398400000000000531e+00
2.830333333333333368e+00 8.519000000000000128e+00
2.870666666666666700e+00 8.639200000000000657e+00
2.911000000000000032e+00 8.759499999999999176e+00
2.951333333333333364e+00 4.440299999999999692e+00
2.991666666666666696e+00 4.502900000000000347e+00
3.032000000000000028e+00 4.563299999999999912e+00
3.072333333333333361e+00 4.623099999999999987e+00
3.112666666666666693e+00 4.683500000000000441e+00
3.153000000000000025e+00 4.743999999999999773e+00
3.193333333333333357e+00 4.803499999999999659e+00
3.233666666666666689e+00 4.867200000000000415e+00
3.274000000000000021e+00 4.927399999999999558e+00
3.314333333333333353e+00 4.987499999999999822e+00
3.354666666666666686e+00 5.047299999999999898e+00
3.395000000000000018e+00 5.107700000000000351e+00
3.435333333333333350e+00 5.167799999999999727e+00
3.475666666666666682e+00 5.230699999999999683e+00
3.516000000000000014e+00 5.290199999999999569e+00
3.556333333333333346e+00 5.351600000000000357e+00
3.596666666666666679e+00 5.411699999999999733e+00
3.637000000000000011e+00 5.472699999999999676e+00
3.677333333333333343e+00 5.532499999999999751e+00
3.717666666666666675e+00 5.595699999999999896e+00
3.758000000000000007e+00 5.655499999999999972e+00
3.798333333333333339e+00 5.715600000000000236e+00
3.838666666666666671e+00 5.775500000000000078e+00
3.879000000000000004e+00 5.835300000000000153e+00
3.919333333333333336e+00 5.895999999999999908e+00
3.959666666666666668e+00 5.958899999999999864e+00
4.000000000000000000e+00 6.019300000000000317e+00
