5.000000000000000278e-02 5.040000000000000036e-02
5.959595959595959808e-02 6.010000000000000064e-02
6.919191919191919338e-02 6.930000000000000049e-02
7.878787878787879562e-02 7.929999999999999549e-02
8.838383838383838398e-02 8.880000000000000393e-02
9.797979797979797234e-02 9.859999999999999321e-02
1.075757575757575746e-01 1.079999999999999988e-01
1.171717171717171629e-01 1.174999999999999933e-01
1.267676767676767513e-01 1.272999999999999965e-01
1.363636363636363535e-01 1.366999999999999882e-01
1.459595959595959558e-01 1.464999999999999913e-01
1.555555555555555580e-01 1.559000000000000108e-01
1.651515151515151603e-01 1.656999999999999862e-01
1.747474747474747625e-01 1.751999999999999946e-01
1.843434343434343092e-01 1.849000000000000088e-01
1.939393939393939115e-01 1.943999999999999895e-01
2.035353535353535137e-01 2.038999999999999979e-01
2.131313131313131159e-01 2.132999999999999896e-01
2.227272727272727182e-01 2.230999999999999928e-01
2.323232323232323204e-01 2.328000000000000069e-01
2.419191919191919227e-01 2.419999999999999929e-01
2.515151515151515249e-01 2.518000000000000238e-01
2.611111111111110716e-01 2.611999999999999877e-01
2.707070707070706739e-01 2.710000000000000187e-01
2.803030303030302761e-01 2.805000000000000271e-01
2.898989898989898784e-01 2.898999999999999910e-01
2.994949494949494806e-01 2.997000000000000219e-01
3.090909090909090828e-01 3.090999999999999859e-01
3.186868686868686296e-01 3.189000000000000168e-01
3.282828282828282318e-01 3.284000000000000252e-01
3.378787878787878340e-01 3.381000000000000116e-01
3.474747474747474363e-01 3.476000000000000201e-01
3.570707070707070385e-01 3.573999999999999955e-01
3.666666666666666408e-01 3.668000000000000149e-01
3.762626262626262430e-01 3.763000000000000234e-01
3.858585858585858452e-01 3.860000000000000098e-01
3.954545454545454475e-01 3.955000000000000182e-01
4.050505050505049942e-01 4.052999999999999936e-01
4.146464646464645964e-01 4.147000000000000131e-01
4.242424242424241987e-01 4.244999999999999885e-01
4.338383838383838009e-01 4.339999999999999969e-01
4.434343434343434032e-01 4.436999999999999833e-01
4.530303030303030054e-01 4.531999999999999917e-01
4.626262626262626076e-01 4.626000000000000112e-01
4.722222222222221544e-01 4.723999999999999866e-01
4.818181818181817566e-01 4.818999999999999950e-01
4.914141414141413589e-01 4.915999999999999814e-01
5.010101010101010166e-01 5.010999999999999899e-01
5.106060606060606188e-01 5.109000000000000208e-01
5.202020202020202211e-01 5.202999999999999847e-01
5.297979797979798233e-01 5.298000000000000487e-01
5.393939393939394256e-01 5.395999999999999686e-01
5.489898989898990278e-01 5.490000000000000435e-01
5.585858585858586300e-01 5.587999999999999634e-01
5.681818181818182323e-01 5.682000000000000384e-01
5.777777777777778345e-01 5.779999999999999583e-01
5.873737373737373257e-01 5.875000000000000222e-01
5.969696969696969280e-01 5.971999999999999531e-01
6.065656565656565302e-01 6.067000000000000171e-01
6.161616161616161325e-01 6.160999999999999810e-01
6.257575757575757347e-01 6.259000000000000119e-01
6.353535353535353369e-01 6.353999999999999648e-01
6.449494949494949392e-01 6.451000000000000068e-01
6.545454545454545414e-01 6.545999999999999597e-01
6.641414141414141437e-01 6.643999999999999906e-01
6.737373737373737459e-01 6.737999999999999545e-01
6.833333333333333481e-01 6.835999999999999854e-01
6.929292929292929504e-01 6.931000000000000494e-01
7.025252525252525526e-01 7.025000000000000133e-01
7.121212121212121549e-01 7.123000000000000442e-01
7.217171717171717571e-01 7.217000000000000082e-01
7.313131313131313593e-01 7.315000000000000391e-01
7.409090909090909616e-01 7.409999999999999920e-01
7.505050505050504528e-01 7.507000000000000339e-01
7.601010101010100550e-01 7.599000000000000199e-01
7.696969696969696573e-01 7.697000000000000508e-01
7.792929292929292595e-01 7.791000000000000147e-01
7.888888888888888618e-01 7.889000000000000457e-01
7.984848484848484640e-01 7.985999999999999766e-01
8.080808080808080662e-01 8.081000000000000405e-01
8.176767676767676685e-01 8.178999999999999604e-01
8.272727272727272707e-01 8.273000000000000353e-01
8.368686868686868729e-01 8.370999999999999552e-01
8.464646464646464752e-01 8.463000000000000522e-01
8.560606060606060774e-01 8.562999999999999501e-01
8.656565656565656797e-01 8.655000000000000471e-01
8.752525252525252819e-01 8.749000000000000110e-01
8.848484848484848841e-01 8.847000000000000419e-01
8.944444444444443754e-01 8.941999999999999948e-01
9.040404040404039776e-01 9.039000000000000368e-01
9.136363636363635798e-01 9.133999999999999897e-01
9.232323232323231821e-01 9.232000000000000206e-01
9.328282828282827843e-01 9.325999999999999845e-01
9.424242424242423866e-01 9.424000000000000155e-01
9.520202020202019888e-01 9.517999999999999794e-01
9.616161616161615910e-01 9.613000000000000433e-01
9.712121212121211933e-01 9.710999999999999632e-01
9.808080808080807955e-01 9.805000000000000382e-01
9.904040404040403978e-01 9.902999999999999581e-01
1.000000000000000000e+00 9.998000000000000220e-01
