0.000000000000000000e+00 7.000000000000000146e-03 3.600999999999999757e-01
2.105263157894736725e-01 7.000000000000000146e-03 2.786000000000000143e-01
4.210526315789473450e-01 7.000000000000000146e-03 3.690000000000000224e-02
6.315789473684210176e-01 7.000000000000000146e-03 1.227000000000000035e-01
8.421052631578946901e-01 7.000000000000000146e-03 4.961999999999999744e-01
1.052631578947368363e+00 7.000000000000000146e-03 2.136000000000000121e-01
1.263157894736842035e+00 7.000000000000000146e-03 1.650999999999999968e-01
1.473684210526315708e+00 7.000000000000000146e-03 4.782000000000000139e-01
1.684210526315789380e+00 7.000000000000000146e-03 4.220999999999999752e-01
1.894736842105263053e+00 7.000000000000000146e-03 2.545000000000000040e-01
2.105263157894736725e+00 7.000000000000000146e-03 1.320999999999999952e-01
2.315789473684210620e+00 7.000000000000000146e-03 2.541999999999999815e-01
2.526315789473684070e+00 7.000000000000000146e-03 9.610000000000000486e-02
2.736842105263157521e+00 7.000000000000000146e-03 2.407999999999999863e-01
2.947368421052631415e+00 7.000000000000000146e-03 3.690000000000000224e-02
3.157894736842105310e+00 7.000000000000000146e-03 4.254000000000000004e-01
3.368421052631578760e+00 7.000000000000000146e-03 4.909999999999999920e-01
3.578947368421052211e+00 7.000000000000000146e-03 3.936999999999999944e-01
3.789473684210526105e+00 7.000000000000000146e-03 1.770000000000000046e-02
4.000000000000000000e+00 7.000000000000000146e-03 2.849999999999999756e-01
0.000000000000000000e+00 4.506666666666666599e-01 3.830000000000000071e-01
2.105263157894736725e-01 4.506666666666666599e-01 4.001000000000000112e-01
4.210526315789473450e-01 4.506666666666666599e-01 2.982000000000000206e-01
6.315789473684210176e-01 4.506666666666666599e-01 1.320999999999999952e-01
8.421052631578946901e-01 4.506666666666666599e-01 2.160999999999999865e-01
1.052631578947368363e+00 4.506666666666666599e-01 1.822000000000000008e-01
1.263157894736842035e+00 4.506666666666666599e-01 1.459000000000000019e-01
1.473684210526315708e+00 4.506666666666666599e-01 3.020000000000000115e-02
1.684210526315789380e+00 4.506666666666666599e-01 1.171999999999999986e-01
1.894736842105263053e+00 4.506666666666666599e-01 4.364000000000000101e-01
2.105263157894736725e+00 4.506666666666666599e-01 4.290999999999999814e-01
2.315789473684210620e+00 4.506666666666666599e-01 3.311000000000000054e-01
2.526315789473684070e+00 4.506666666666666599e-01 1.126000000000000056e-01
2.736842105263157521e+00 4.506666666666666599e-01 2.318999999999999950e-01
2.947368421052631415e+00 4.506666666666666599e-01 6.679999999999999827e-02
3.157894736842105310e+00 4.506666666666666599e-01 1.174999999999999933e-01
3.368421052631578760e+00 4.506666666666666599e-01 3.084999999999999964e-01
3.578947368421052211e+00 4.506666666666666599e-01 1.212000000000000022e-01
3.789473684210526105e+00 4.506666666666666599e-01 2.111999999999999988e-01
4.000000000000000000e+00 4.506666666666666599e-01 1.471000000000000085e-01
0.000000000000000000e+00 8.943333333333333135e-01 -8.999999999999999754e-04
2.105263157894736725e-01 8.943333333333333135e-01 2.661000000000000032e-01
4.210526315789473450e-01 8.943333333333333135e-01 3.185999999999999943e-01
6.315789473684210176e-01 8.943333333333333135e-01 1.983999999999999930e-01
8.421052631578946901e-01 8.943333333333333135e-01 3.917999999999999816e-01
1.052631578947368363e+00 8.943333333333333135e-01 3.469999999999999751e-01
1.263157894736842035e+00 8.943333333333333135e-01 3.885000000000000120e-01
1.473684210526315708e+00 8.943333333333333135e-01 4.877000000000000224e-01
1.684210526315789380e+00 8.943333333333333135e-01 4.122999999999999998e-01
1.894736842105263053e+00 8.943333333333333135e-01 4.767000000000000126e-01
2.105263157894736725e+00 8.943333333333333135e-01 2.676000000000000045e-01
2.315789473684210620e+00 8.943333333333333135e-01 7.570000000000000340e-02
2.526315789473684070e+00 8.943333333333333135e-01 5.979999999999999899e-02
2.736842105263157521e+00 8.943333333333333135e-01 1.265999999999999903e-01
2.947368421052631415e+00 8.943333333333333135e-01 2.109000000000000041e-01
3.157894736842105310e+00 8.943333333333333135e-01 3.778000000000000247e-01
3.368421052631578760e+00 8.943333333333333135e-01 4.944000000000000061e-01
3.578947368421052211e+00 8.943333333333333135e-01 3.801999999999999824e-01
3.789473684210526105e+00 8.943333333333333135e-01 3.548999999999999932e-01
4.000000000000000000e+00 8.943333333333333135e-01 2.194000000000000117e-01
0.000000000000000000e+00 1.337999999999999856e+00 4.018999999999999795e-01
2.105263157894736725e-01 1.337999999999999856e+00 1.471000000000000085e-01
4.210526315789473450e-01 1.337999999999999856e+00 3.911999999999999922e-01
6.315789473684210176e-01 1.337999999999999856e+00 4.138000000000000012e-01
8.421052631578946901e-01 1.337999999999999856e+00 2.929999999999999966e-02
1.052631578947368363e+00 1.337999999999999856e+00 1.135000000000000037e-01
1.263157894736842035e+00 1.337999999999999856e+00 5.489999999999999741e-02
1.473684210526315708e+00 1.337999999999999856e+00 2.005000000000000115e-01
1.684210526315789380e+00 1.337999999999999856e+00 2.978999999999999981e-01
1.894736842105263053e+00 1.337999999999999856e+00 2.069000000000000006e-01
2.105263157894736725e+00 1.337999999999999856e+00 1.363999999999999935e-01
2.315789473684210620e+00 1.337999999999999856e+00 4.073999999999999844e-01
2.526315789473684070e+00 1.337999999999999856e+00 4.168999999999999928e-01
2.736842105263157521e+00 1.337999999999999856e+00 2.703999999999999737e-01
2.947368421052631415e+00 1.337999999999999856e+00 1.739999999999999880e-02
3.157894736842105310e+00 1.337999999999999856e+00 3.169999999999999901e-02
3.368421052631578760e+00 1.337999999999999856e+00 3.412000000000000033e-01
3.578947368421052211e+00 1.337999999999999856e+00 3.748000000000000220e-01
3.789473684210526105e+00 1.337999999999999856e+00 3.009000000000000008e-01
4.000000000000000000e+00 1.337999999999999856e+00 2.767999999999999905e-01
0.000000000000000000e+00 1.781666666666666510e+00 1.859999999999999848e-02
2.105263157894736725e-01 1.781666666666666510e+00 2.361999999999999933e-01
4.210526315789473450e-01 1.781666666666666510e+00 3.487999999999999989e-01
6.315789473684210176e-01 1.781666666666666510e+00 2.904999999999999805e-01
8.421052631578946901e-01 1.781666666666666510e+00 2.255000000000000060e-01
1.052631578947368363e+00 1.781666666666666510e+00 3.261999999999999900e-01
1.263157894736842035e+00 1.781666666666666510e+00 2.230999999999999928e-01
1.473684210526315708e+00 1.781666666666666510e+00 4.001000000000000112e-01
1.684210526315789380e+00 1.781666666666666510e+00 4.818999999999999950e-01
1.894736842105263053e+00 1.781666666666666510e+00 1.199999999999999895e-03
2.105263157894736725e+00 1.781666666666666510e+00 3.169999999999999901e-02
2.315789473684210620e+00 1.781666666666666510e+00 3.577000000000000179e-01
2.526315789473684070e+00 1.781666666666666510e+00 1.592999999999999972e-01
2.736842105263157521e+00 1.781666666666666510e+00 2.840000000000000163e-02
2.947368421052631415e+00 1.781666666666666510e+00 4.208000000000000074e-01
3.157894736842105310e+00 1.781666666666666510e+00 3.145999999999999908e-01
3.368421052631578760e+00 1.781666666666666510e+00 1.529000000000000081e-01
3.578947368421052211e+00 1.781666666666666510e+00 4.940999999999999837e-01
3.789473684210526105e+00 1.781666666666666510e+00 1.949999999999999997e-02
4.000000000000000000e+00 1.781666666666666510e+00 3.066999999999999726e-01
0.000000000000000000e+00 2.225333333333333385e+00 1.244999999999999996e-01
2.105263157894736725e-01 2.225333333333333385e+00 4.050000000000000266e-01
4.210526315789473450e-01 2.225333333333333385e+00 3.313999999999999724e-01
6.315789473684210176e-01 2.225333333333333385e+00 4.336999999999999744e-01
8.421052631578946901e-01 2.225333333333333385e+00 7.720000000000000473e-02
1.052631578947368363e+00 2.225333333333333385e+00 1.555999999999999883e-01
1.263157894736842035e+00 2.225333333333333385e+00 1.809999999999999942e-01
1.473684210526315708e+00 2.225333333333333385e+00 1.885999999999999899e-01
1.684210526315789380e+00 2.225333333333333385e+00 3.723000000000000198e-01
1.894736842105263053e+00 2.225333333333333385e+00 3.387000000000000011e-01
2.105263157894736725e+00 2.225333333333333385e+00 4.989999999999999991e-01
2.315789473684210620e+00 2.225333333333333385e+00 4.989999999999999991e-01
2.526315789473684070e+00 2.225333333333333385e+00 4.989999999999999991e-01
2.736842105263157521e+00 2.225333333333333385e+00 4.989999999999999991e-01
2.947368421052631415e+00 2.225333333333333385e+00 4.989999999999999991e-01
3.157894736842105310e+00 2.225333333333333385e+00 4.989999999999999991e-01
3.368421052631578760e+00 2.225333333333333385e+00 4.989999999999999991e-01
3.578947368421052211e+00 2.225333333333333385e+00 4.989999999999999991e-01
3.789473684210526105e+00 2.225333333333333385e+00 4.989999999999999991e-01
4.000000000000000000e+00 2.225333333333333385e+00 4.989999999999999991e-01
0.000000000000000000e+00 2.669000000000000039e+00 4.309000000000000052e-01
2.105263157894736725e-01 2.669000000000000039e+00 7.480000000000000537e-02
4.210526315789473450e-01 2.669000000000000039e+00 4.318000000000000171e-01
6.315789473684210176e-01 2.669000000000000039e+00 1.529000000000000081e-01
8.421052631578946901e-01 2.669000000000000039e+00 3.533999999999999919e-01
1.052631578947368363e+00 2.669000000000000039e+00 1.208000000000000046e-01
1.263157894736842035e+00 2.669000000000000039e+00 4.556000000000000050e-01
1.473684210526315708e+00 2.669000000000000039e+00 3.136999999999999789e-01
1.684210526315789380e+00 2.669000000000000039e+00 1.116999999999999937e-01
1.894736842105263053e+00 2.669000000000000039e+00 3.839000000000000190e-01
2.105263157894736725e+00 2.669000000000000039e+00 4.989999999999999991e-01
2.315789473684210620e+00 2.669000000000000039e+00 4.989999999999999991e-01
2.526315789473684070e+00 2.669000000000000039e+00 4.989999999999999991e-01
2.736842105263157521e+00 2.669000000000000039e+00 4.989999999999999991e-01
2.947368421052631415e+00 2.669000000000000039e+00 4.989999999999999991e-01
3.157894736842105310e+00 2.669000000000000039e+00 4.989999999999999991e-01
3.368421052631578760e+00 2.669000000000000039e+00 4.989999999999999991e-01
3.578947368421052211e+00 2.669000000000000039e+00 4.989999999999999991e-01
3.789473684210526105e+00 2.669000000000000039e+00 4.989999999999999991e-01
4.000000000000000000e+00 2.669000000000000039e+00 4.989999999999999991e-01
0.000000000000000000e+00 3.112666666666666693e+00 2.779999999999999832e-02
2.105263157894736725e-01 3.112666666666666693e+00 1.140999999999999931e-01
4.210526315789473450e-01 3.112666666666666693e+00 1.250000000000000069e-02
6.315789473684210176e-01 3.112666666666666693e+00 1.602000000000000091e-01
8.421052631578946901e-01 3.112666666666666693e+00 3.594999999999999862e-01
1.052631578947368363e+00 3.112666666666666693e+00 2.298000000000000043e-01
1.263157894736842035e+00 3.112666666666666693e+00 4.577999999999999847e-01
1.473684210526315708e+00 3.112666666666666693e+00 9.610000000000000486e-02
1.684210526315789380e+00 3.112666666666666693e+00 4.581000000000000072e-01
1.894736842105263053e+00 3.112666666666666693e+00 3.970000000000000195e-01
2.105263157894736725e+00 3.112666666666666693e+00 4.989999999999999991e-01
2.315789473684210620e+00 3.112666666666666693e+00 4.989999999999999991e-01
2.526315789473684070e+00 3.112666666666666693e+00 4.989999999999999991e-01
2.736842105263157521e+00 3.112666666666666693e+00 4.989999999999999991e-01
2.947368421052631415e+00 3.112666666666666693e+00 4.989999999999999991e-01
3.157894736842105310e+00 3.112666666666666693e+00 4.989999999999999991e-01
3.368421052631578760e+00 3.112666666666666693e+00 4.989999999999999991e-01
3.578947368421052211e+00 3.112666666666666693e+00 4.989999999999999991e-01
3.789473684210526105e+00 3.112666666666666693e+00 4.989999999999999991e-01
4.000000000000000000e+00 3.112666666666666693e+00 4.989999999999999991e-01
0.000000000000000000e+00 3.556333333333333346e+00 1.577999999999999958e-01
2.105263157894736725e-01 3.556333333333333346e+00 2.896000000000000241e-01
4.210526315789473450e-01 3.556333333333333346e+00 1.968000000000000027e-01
6.315789473684210176e-01 3.556333333333333346e+00 6.010000000000000064e-02
8.421052631578946901e-01 3.556333333333333346e+00 4.607999999999999874e-01
1.052631578947368363e+00 3.556333333333333346e+00 2.881000000000000227e-01
1.263157894736842035e+00 3.556333333333333346e+00 4.470999999999999974e-01
1.473684210526315708e+00 3.556333333333333346e+00 9.400000000000000022e-02
1.684210526315789380e+00 3.556333333333333346e+00 2.142000000000000015e-01
1.894736842105263053e+00 3.556333333333333346e+00 2.071999999999999953e-01
2.105263157894736725e+00 3.556333333333333346e+00 4.989999999999999991e-01
2.315789473684210620e+00 3.556333333333333346e+00 4.989999999999999991e-01
2.526315789473684070e+00 3.556333333333333346e+00 4.989999999999999991e-01
2.736842105263157521e+00 3.556333333333333346e+00 4.989999999999999991e-01
2.947368421052631415e+00 3.556333333333333346e+00 4.989999999999999991e-01
3.157894736842105310e+00 3.556333333333333346e+00 4.989999999999999991e-01
3.368421052631578760e+00 3.556333333333333346e+00 4.989999999999999991e-01
3.578947368421052211e+00 3.556333333333333346e+00 4.989999999999999991e-01
3.789473684210526105e+00 3.556333333333333346e+00 4.989999999999999991e-01
4.000000000000000000e+00 3.556333333333333346e+00 4.989999999999999991e-01
0.000000000000000000e+00 4.000000000000000000e+00 4.120000000000000051e-02
2.105263157894736725e-01 4.000000000000000000e+00 4.318000000000000171e-01
4.210526315789473450e-01 4.000000000000000000e+00 4.284999999999999920e-01
6.315789473684210176e-01 4.000000000000000000e+00 5.190000000000000169e-02
8.421052631578946901e-01 4.000000000000000000e+00 1.156999999999999973e-01
1.052631578947368363e+00 4.000000000000000000e+00 4.388000000000000234e-01
1.263157894736842035e+00 4.000000000000000000e+00 3.970000000000000195e-01
1.473684210526315708e+00 4.000000000000000000e+00 4.668999999999999817e-01
1.684210526315789380e+00 4.000000000000000000e+00 3.879000000000000226e-01
1.894736842105263053e+00 4.000000000000000000e+00 1.391999999999999904e-01
2.105263157894736725e+00 4.000000000000000000e+00 4.989999999999999991e-01
2.315789473684210620e+00 4.000000000000000000e+00 4.989999999999999991e-01
2.526315789473684070e+00 4.000000000000000000e+00 4.989999999999999991e-01
2.736842105263157521e+00 4.000000000000000000e+00 4.989999999999999991e-01
2.947368421052631415e+00 4.000000000000000000e+00 4.989999999999999991e-01
3.157894736842105310e+00 4.000000000000000000e+00 4.989999999999999991e-01
3.368421052631578760e+00 4.000000000000000000e+00 4.989999999999999991e-01
3.578947368421052211e+00 4.000000000000000000e+00 4.989999999999999991e-01
3.789473684210526105e+00 4.000000000000000000e+00 4.989999999999999991e-01
4.000000000000000000e+00 4.000000000000000000e+00 4.989999999999999991e-01
