0.000000000000000000e+00 3.615999999999999770e-01
1.052631578947368363e-01 3.613000000000000100e-01
2.105263157894736725e-01 3.613000000000000100e-01
3.157894736842105088e-01 3.613000000000000100e-01
4.210526315789473450e-01 3.615999999999999770e-01
5.263157894736841813e-01 3.613000000000000100e-01
6.315789473684210176e-01 3.613000000000000100e-01
7.368421052631578538e-01 3.615999999999999770e-01
8.421052631578946901e-01 3.615999999999999770e-01
9.473684210526315264e-01 3.615999999999999770e-01
1.052631578947368363e+00 3.615999999999999770e-01
1.157894736842105310e+00 3.615999999999999770e-01
1.263157894736842035e+00 3.615999999999999770e-01
1.368421052631578760e+00 3.615999999999999770e-01
1.473684210526315708e+00 3.615999999999999770e-01
1.578947368421052655e+00 3.615999999999999770e-01
1.684210526315789380e+00 3.615999999999999770e-01
1.789473684210526105e+00 3.615999999999999770e-01
1.894736842105263053e+00 3.615999999999999770e-01
2.000000000000000000e+00 3.615999999999999770e-01
