-2.000000000000000000e+00 6.217279999999999926e-15
-1.789473684210526327e+00 3.203669999999999818e-12
-1.578947368421052655e+00 2.658150000000000018e-11
-1.368421052631578982e+00 1.634260000000000046e-13
-1.157894736842105310e+00 1.882950000000000171e-12
-9.473684210526316374e-01 2.842189999999999903e-14
-7.368421052631579649e-01 0.000000000000000000e+00
-5.263157894736842923e-01 1.136879999999999998e-13
-3.157894736842106198e-01 7.958130000000000544e-12
-1.052631578947369473e-01 4.092749999999999903e-12
1.052631578947367252e-01 1.464300000000000051e-10
3.157894736842106198e-01 9.094990000000000043e-11
5.263157894736840703e-01 7.276000000000000258e-11
7.368421052631575208e-01 1.018640000000000062e-10
9.473684210526314153e-01 1.455200000000000052e-10
1.157894736842105310e+00 5.820810000000000034e-11
1.368421052631578760e+00 5.820810000000000034e-11
1.578947368421052211e+00 0.000000000000000000e+00
1.789473684210526105e+00 1.164159999999999886e-10
2.000000000000000000e+00 5.820810000000000034e-11
