-1.199999999999999956e+00 7.770540000000000290e-11
-1.187939698492462171e+00 7.577269999999999519e-11
-1.175879396984924607e+00 7.673909999999999559e-11
-1.163819095477386822e+00 7.543170000000000381e-11
-1.151758793969849259e+00 7.605690000000000078e-11
-1.139698492462311474e+00 7.492010000000000425e-11
-1.127638190954773911e+00 7.577269999999999519e-11
-1.115577889447236126e+00 7.492010000000000425e-11
-1.103517587939698341e+00 7.372640000000000299e-11
-1.091457286432160778e+00 7.770540000000000290e-11
-1.079396984924622993e+00 7.736430000000000549e-11
-1.067336683417085430e+00 7.679589999999999430e-11
-1.055276381909547645e+00 7.509060000000000641e-11
-1.043216080402010082e+00 7.582959999999999992e-11
-1.031155778894472297e+00 7.474949999999999608e-11
-1.019095477386934512e+00 7.258950000000000043e-11
-1.007035175879396949e+00 7.537479999999999908e-11
-9.949748743718592747e-01 7.389690000000000514e-11
-9.829145728643216007e-01 7.850119999999999512e-11
-9.708542713567838156e-01 7.628429999999999475e-11
-9.587939698492462526e-01 7.617060000000000423e-11
-9.467336683417084675e-01 7.656850000000000034e-11
-9.346733668341707935e-01 7.401059999999999566e-11
-9.226130653266331194e-01 7.690959999999999775e-11
-9.105527638190954454e-01 7.634119999999999948e-11
-8.984924623115577713e-01 7.804650000000000030e-11
-8.864321608040200973e-01 7.639799999999999819e-11
-8.743718592964824232e-01 7.486319999999999952e-11
-8.623115577889446381e-01 7.537479999999999908e-11
-8.502512562814070751e-01 7.673909999999999559e-11
-8.381909547738692901e-01 7.867169999999999728e-11
-8.261306532663316160e-01 7.162320000000000605e-11
-8.140703517587939420e-01 7.446530000000000341e-11
-8.020100502512562679e-01 7.514740000000000511e-11
-7.899497487437185939e-01 7.889910000000000416e-11
-7.778894472361808088e-01 7.429480000000000125e-11
-7.658291457286432458e-01 7.656850000000000034e-11
-7.537688442211054607e-01 7.537479999999999908e-11
-7.417085427135677866e-01 7.662540000000000508e-11
-7.296482412060301126e-01 7.474949999999999608e-11
-7.175879396984924385e-01 7.429480000000000125e-11
-7.055276381909547645e-01 7.514740000000000511e-11
-6.934673366834170904e-01 7.514740000000000511e-11
-6.814070351758794164e-01 7.793279999999999686e-11
-6.693467336683416313e-01 7.617060000000000423e-11
-6.572864321608039573e-01 7.355579999999999481e-11
-6.452261306532662832e-01 7.310109999999999999e-11
-6.331658291457286092e-01 7.565900000000000467e-11
-6.211055276381909351e-01 7.474949999999999608e-11
-6.090452261306532611e-01 7.514740000000000511e-11
-5.969849246231155870e-01 7.736430000000000549e-11
-5.849246231155779130e-01 7.628429999999999475e-11
-5.728643216080402389e-01 7.804650000000000030e-11
-5.608040201005024539e-01 7.395370000000000385e-11
-5.487437185929647798e-01 7.833070000000000590e-11
-5.366834170854271058e-01 7.798959999999999557e-11
-5.246231155778894317e-01 7.770540000000000290e-11
-5.125628140703517577e-01 7.781910000000000634e-11
-5.005025125628140836e-01 7.497690000000000296e-11
-4.884422110552764096e-01 7.486319999999999952e-11
-4.763819095477386245e-01 7.509060000000000641e-11
-4.643216080402009505e-01 7.600010000000000208e-11
-4.522613065326632764e-01 7.480640000000000081e-11
-4.402010050251256024e-01 7.588639999999999863e-11
-4.281407035175879283e-01 7.582959999999999992e-11
-4.160804020100502543e-01 7.588639999999999863e-11
-4.040201005025125802e-01 7.600010000000000208e-11
-3.919597989949749062e-01 7.651170000000000163e-11
-3.798994974874372321e-01 7.514740000000000511e-11
-3.678391959798994471e-01 7.884230000000000545e-11
-3.557788944723617730e-01 7.702330000000000119e-11
-3.437185929648240990e-01 7.708009999999999990e-11
-3.316582914572864249e-01 7.690959999999999775e-11
-3.195979899497487509e-01 7.645479999999999690e-11
-3.075376884422110768e-01 7.344210000000000429e-11
-2.954773869346734028e-01 7.594330000000000337e-11
-2.834170854271356177e-01 7.588639999999999863e-11
-2.713567839195979436e-01 7.770540000000000290e-11
-2.592964824120602696e-01 7.810329999999999901e-11
-2.472361809045225955e-01 7.594330000000000337e-11
-2.351758793969849215e-01 7.662540000000000508e-11
-2.231155778894472475e-01 7.418109999999999781e-11
-2.110552763819095734e-01 7.764860000000000419e-11
-1.989949748743717883e-01 7.634119999999999948e-11
-1.869346733668342253e-01 7.725069999999999515e-11
-1.748743718592964402e-01 7.884230000000000545e-11
-1.628140703517588772e-01 7.690959999999999775e-11
-1.507537688442210921e-01 7.668220000000000378e-11
-1.386934673366833071e-01 7.747799999999999601e-11
-1.266331658291457440e-01 7.662540000000000508e-11
-1.145728643216079590e-01 7.531800000000000037e-11
-1.025125628140703959e-01 7.634119999999999948e-11
-9.045226130653261087e-02 7.685270000000000594e-11
-7.839195979899504785e-02 7.662540000000000508e-11
-6.633165829145726278e-02 7.571589999999999648e-11
-5.427135678391969975e-02 7.759169999999999945e-11
-4.221105527638191468e-02 7.781910000000000634e-11
-3.015075376884412961e-02 7.526109999999999563e-11
-1.809045226130656658e-02 7.855799999999999383e-11
-6.030150753768781513e-03 7.719380000000000334e-11
6.030150753768781513e-03 7.617060000000000423e-11
1.809045226130656658e-02 7.810329999999999901e-11
3.015075376884412961e-02 7.816009999999999772e-11
4.221105527638191468e-02 7.719380000000000334e-11
5.427135678391947771e-02 7.588639999999999863e-11
6.633165829145726278e-02 7.929700000000000028e-11
7.839195979899504785e-02 7.708009999999999990e-11
9.045226130653261087e-02 7.861489999999999857e-11
1.025125628140703959e-01 7.628429999999999475e-11
1.145728643216079590e-01 7.793279999999999686e-11
1.266331658291457440e-01 7.662540000000000508e-11
1.386934673366833071e-01 7.867169999999999728e-11
1.507537688442210921e-01 7.759169999999999945e-11
1.628140703517588772e-01 7.804650000000000030e-11
1.748743718592964402e-01 7.969489999999999639e-11
1.869346733668342253e-01 7.844439999999999642e-11
1.989949748743717883e-01 7.719380000000000334e-11
2.110552763819095734e-01 7.747799999999999601e-11
2.231155778894471364e-01 7.668220000000000378e-11
2.351758793969849215e-01 7.730749999999999386e-11
2.472361809045227066e-01 7.685270000000000594e-11
2.592964824120602696e-01 7.628429999999999475e-11
2.713567839195980547e-01 7.719380000000000334e-11
2.834170854271356177e-01 7.628429999999999475e-11
2.954773869346734028e-01 7.816009999999999772e-11
3.075376884422109658e-01 7.787590000000000505e-11
3.195979899497487509e-01 7.605690000000000078e-11
3.316582914572863139e-01 7.764860000000000419e-11
3.437185929648240990e-01 7.753490000000000075e-11
3.557788944723618840e-01 7.719380000000000334e-11
3.678391959798994471e-01 8.043390000000000283e-11
3.798994974874372321e-01 7.452219999999999522e-11
3.919597989949747951e-01 7.696639999999999645e-11
4.040201005025125802e-01 7.878540000000000072e-11
4.160804020100501432e-01 7.747799999999999601e-11
4.281407035175879283e-01 7.719380000000000334e-11
4.402010050251254913e-01 7.901279999999999468e-11
4.522613065326632764e-01 7.901279999999999468e-11
4.643216080402010615e-01 7.844439999999999642e-11
4.763819095477386245e-01 7.747799999999999601e-11
4.884422110552764096e-01 7.918329999999999683e-11
5.005025125628139726e-01 7.548850000000000252e-11
5.125628140703517577e-01 7.781910000000000634e-11
5.246231155778893207e-01 7.719380000000000334e-11
5.366834170854271058e-01 7.668220000000000378e-11
5.487437185929648908e-01 7.798959999999999557e-11
5.608040201005024539e-01 8.014969999999999724e-11
5.728643216080402389e-01 7.952439999999999424e-11
5.849246231155778020e-01 7.816009999999999772e-11
5.969849246231155870e-01 7.690959999999999775e-11
6.090452261306531501e-01 7.685270000000000594e-11
6.211055276381909351e-01 7.571589999999999648e-11
6.331658291457287202e-01 7.952439999999999424e-11
6.452261306532662832e-01 7.656850000000000034e-11
6.572864321608040683e-01 7.838750000000000461e-11
6.693467336683416313e-01 7.816009999999999772e-11
6.814070351758794164e-01 7.719380000000000334e-11
6.934673366834169794e-01 7.708009999999999990e-11
7.055276381909547645e-01 7.571589999999999648e-11
7.175879396984923275e-01 7.838750000000000461e-11
7.296482412060301126e-01 7.634119999999999948e-11
7.417085427135678977e-01 7.759169999999999945e-11
7.537688442211054607e-01 8.049070000000000154e-11
7.658291457286432458e-01 7.605690000000000078e-11
7.778894472361808088e-01 7.509060000000000641e-11
7.899497487437185939e-01 7.770540000000000290e-11
8.020100502512563789e-01 7.713700000000000463e-11
8.140703517587939420e-01 7.759169999999999945e-11
8.261306532663315050e-01 7.827380000000000116e-11
8.381909547738695121e-01 7.730749999999999386e-11
8.502512562814070751e-01 7.565900000000000467e-11
8.623115577889446381e-01 7.571589999999999648e-11
8.743718592964822012e-01 7.577269999999999519e-11
8.864321608040202083e-01 7.838750000000000461e-11
8.984924623115577713e-01 7.588639999999999863e-11
9.105527638190953343e-01 7.702330000000000119e-11
9.226130653266333415e-01 8.020649999999999595e-11
9.346733668341709045e-01 7.651170000000000163e-11
9.467336683417084675e-01 7.798959999999999557e-11
9.587939698492460305e-01 7.793279999999999686e-11
9.708542713567840376e-01 7.685270000000000594e-11
9.829145728643216007e-01 7.747799999999999601e-11
9.949748743718591637e-01 7.179369999999999528e-11
1.007035175879396727e+00 6.701879999999999712e-11
1.019095477386934734e+00 6.321029999999999936e-11
1.031155778894472297e+00 5.411519999999999786e-11
1.043216080402009860e+00 4.155280000000000203e-11
1.055276381909547867e+00 3.382210000000000307e-11
1.067336683417085430e+00 1.915630000000000149e-11
1.079396984924622993e+00 1.301719999999999991e-11
1.091457286432160556e+00 8.640260000000000183e-12
1.103517587939698563e+00 3.183250000000000194e-12
1.115577889447236126e+00 1.307409999999999980e-12
1.127638190954773689e+00 5.115940000000000312e-13
1.139698492462311696e+00 1.136879999999999998e-13
1.151758793969849259e+00 0.000000000000000000e+00
1.163819095477386822e+00 0.000000000000000000e+00
1.175879396984924385e+00 0.000000000000000000e+00
1.187939698492462393e+00 0.000000000000000000e+00
1.199999999999999956e+00 0.000000000000000000e+00
