-1.000000000000000000e+00 -4.016000000000000174e-06
-9.591836734693877098e-01 1.663000000000000002e-06
-9.183673469387755306e-01 -2.893000000000000084e-06
-8.775510204081632404e-01 -2.582000000000000012e-06
-8.367346938775510612e-01 -7.285000000000000554e-06
-7.959183673469387710e-01 1.473999999999999990e-06
-7.551020408163264808e-01 -6.400000000000000399e-08
-7.142857142857143016e-01 -6.097000000000000240e-06
-6.734693877551021224e-01 1.010000000000000071e-06
-6.326530612244898322e-01 -1.308999999999999876e-06
-5.918367346938775420e-01 -7.320000000000000431e-07
-5.510204081632653628e-01 -4.867999999999999809e-06
-5.102040816326530726e-01 6.869999999999999446e-07
-4.693877551020408934e-01 2.720000000000000004e-07
-4.285714285714286031e-01 -1.038000000000000057e-06
-3.877551020408164240e-01 2.089999999999999895e-06
-3.469387755102041337e-01 -5.096000000000000845e-06
-3.061224489795918435e-01 -1.265999999999999822e-06
-2.653061224489796643e-01 3.180000000000000047e-06
-2.244897959183673741e-01 3.099999999999999966e-08
-1.836734693877551949e-01 9.200000000000000325e-08
-1.428571428571429047e-01 2.902000000000000337e-06
-1.020408163265307255e-01 1.532000000000000113e-06
-6.122448979591843532e-02 -2.099999999999999799e-06
-2.040816326530614511e-02 6.338999999999999786e-06
2.040816326530614511e-02 7.727000000000000727e-06
6.122448979591821328e-02 -9.950000000000000026e-07
1.020408163265305035e-01 -6.959999999999999854e-07
1.428571428571427937e-01 -3.287000000000000039e-06
1.836734693877550839e-01 6.838999999999999234e-06
2.244897959183671521e-01 4.174999999999999838e-06
2.653061224489794423e-01 3.778000000000000081e-06
3.061224489795917325e-01 8.090000000000000047e-07
3.469387755102040227e-01 -4.656999999999999627e-06
3.877551020408163129e-01 -4.852000000000000301e-06
4.285714285714283811e-01 1.880000000000000000e-06
4.693877551020406713e-01 2.609000000000000347e-06
5.102040816326529615e-01 2.974999999999999892e-06
5.510204081632652517e-01 -2.089999999999999895e-06
5.918367346938773199e-01 -3.821000000000000347e-06
6.326530612244896101e-01 -4.284999999999999631e-06
6.734693877551019003e-01 6.408999999999999963e-06
7.142857142857141906e-01 -2.301000000000000077e-06
7.551020408163264808e-01 -2.560000000000000159e-07
7.959183673469385489e-01 2.371000000000000254e-06
8.367346938775508391e-01 -4.104999999999999661e-06
8.775510204081631294e-01 -1.859999999999999979e-07
9.183673469387754196e-01 2.530000000000000023e-07
9.591836734693877098e-01 -5.090000000000000394e-06
1.000000000000000000e+00 6.705000000000000178e-06
