-2.500000000000000000e+00 6.572559999999999815e-14
-2.236842105263157965e+00 1.092149999999999946e-11
-1.973684210526315930e+00 4.658520000000000228e-12
-1.710526315789473673e+00 2.184309999999999848e-11
-1.447368421052631637e+00 5.460899999999999723e-11
-1.184210526315789602e+00 1.092179999999999945e-10
-9.210526315789473450e-01 1.164940000000000115e-10
-6.578947368421053099e-01 9.085039999999999990e-11
-3.947368421052632748e-01 1.301299999999999942e-10
-1.315789473684212396e-01 1.397929999999999897e-10
1.315789473684207955e-01 1.188389999999999915e-10
3.947368421052628307e-01 1.304919999999999977e-10
6.578947368421053099e-01 1.323959999999999944e-10
9.210526315789473450e-01 1.174750000000000002e-10
1.184210526315789380e+00 1.211769999999999890e-10
1.447368421052631415e+00 1.449870000000000081e-10
1.710526315789473450e+00 1.080530000000000042e-10
1.973684210526315930e+00 1.234720000000000054e-10
2.236842105263157521e+00 1.210350000000000117e-10
2.500000000000000000e+00 1.305350000000000047e-10
