-2.000000000000000000e+00 2.258000000000000235e-06
-1.918367346938775420e+00 2.056999999999999957e-06
-1.836734693877551061e+00 1.917000000000000450e-06
-1.755102040816326481e+00 1.779000000000000247e-06
-1.673469387755102122e+00 1.613999999999999921e-06
-1.591836734693877542e+00 1.477000000000000004e-06
-1.510204081632652962e+00 1.337000000000000286e-06
-1.428571428571428603e+00 1.202000000000000096e-06
-1.346938775510204245e+00 1.089000000000000077e-06
-1.265306122448979664e+00 9.640000000000000030e-07
-1.183673469387755084e+00 8.450000000000001682e-07
-1.102040816326530726e+00 7.390000000000000396e-07
-1.020408163265306145e+00 6.560000000000001567e-07
-9.387755102040817867e-01 5.710000000000000176e-07
-8.571428571428572063e-01 5.070000000000000798e-07
-7.755102040816328479e-01 4.490000000000000633e-07
-6.938775510204082675e-01 3.910000000000000469e-07
-6.122448979591836871e-01 3.390000000000000048e-07
-5.306122448979593287e-01 2.930000000000000429e-07
-4.489795918367347483e-01 2.560000000000000159e-07
-3.673469387755103899e-01 2.230000000000000248e-07
-2.857142857142858094e-01 1.950000000000000124e-07
-2.040816326530614511e-01 1.739999999999999964e-07
-1.224489795918368706e-01 1.530000000000000068e-07
-4.081632653061229021e-02 1.370000000000000224e-07
4.081632653061229021e-02 1.190000000000000200e-07
1.224489795918364266e-01 1.010000000000000044e-07
2.040816326530610070e-01 7.900000000000001919e-08
2.857142857142855874e-01 5.500000000000000281e-08
3.673469387755101678e-01 2.700000000000000354e-08
4.489795918367343042e-01 -5.999999999999999960e-09
5.306122448979588846e-01 -4.300000000000000123e-08
6.122448979591834650e-01 -8.500000000000000674e-08
6.938775510204080454e-01 -1.340000000000000088e-07
7.755102040816326259e-01 -1.859999999999999979e-07
8.571428571428567622e-01 -2.440000000000000144e-07
9.387755102040813426e-01 -3.080000000000000581e-07
1.020408163265305923e+00 -3.780000000000000231e-07
1.102040816326530503e+00 -4.490000000000000633e-07
1.183673469387754640e+00 -5.250000000000000557e-07
1.265306122448979220e+00 -6.069999999999999694e-07
1.346938775510203801e+00 -6.990000000000001050e-07
1.428571428571428381e+00 -7.840000000000000323e-07
1.510204081632652962e+00 -8.790000000000001815e-07
1.591836734693877098e+00 -9.859999999999999617e-07
1.673469387755101678e+00 -1.105000000000000008e-06
1.755102040816326259e+00 -1.218000000000000239e-06
1.836734693877550839e+00 -1.337000000000000286e-06
1.918367346938775420e+00 -1.464999999999999950e-06
2.000000000000000000e+00 -1.611000000000000119e-06
