-2.000000000000000000e+00 3.328999999999999700e-07
-1.959595959595959558e+00 3.039999999999999693e-07
-1.919191919191919116e+00 2.777000000000000051e-07
-1.878787878787878896e+00 2.572999999999999548e-07
-1.838383838383838453e+00 2.398999999999999710e-07
-1.797979797979798011e+00 2.233999999999999755e-07
-1.757575757575757569e+00 2.083999999999999868e-07
-1.717171717171717127e+00 1.940999999999999977e-07
-1.676767676767676685e+00 1.806999999999999968e-07
-1.636363636363636243e+00 1.685000000000000067e-07
-1.595959595959596022e+00 1.562000000000000090e-07
-1.555555555555555580e+00 1.439999999999999924e-07
-1.515151515151515138e+00 1.337000000000000127e-07
-1.474747474747474696e+00 1.212000000000000000e-07
-1.434343434343434254e+00 1.122999999999999931e-07
-1.393939393939394034e+00 1.024999999999999848e-07
-1.353535353535353369e+00 9.309999999999999325e-08
-1.313131313131313149e+00 8.449999999999999565e-08
-1.272727272727272707e+00 7.630000000000000163e-08
-1.232323232323232265e+00 6.900000000000000905e-08
-1.191919191919191823e+00 6.229999999999999538e-08
-1.151515151515151381e+00 5.550000000000000066e-08
-1.111111111111111160e+00 4.999999999999999774e-08
-1.070707070707070496e+00 4.489999999999999839e-08
-1.030303030303030276e+00 4.030000000000000352e-08
-9.898989898989898339e-01 3.570000000000000204e-08
-9.494949494949493918e-01 3.200000000000000199e-08
-9.090909090909089496e-01 2.869999999999999891e-08
-8.686868686868685074e-01 2.560000000000000093e-08
-8.282828282828282873e-01 2.319999999999999599e-08
-7.878787878787878451e-01 2.110000000000000034e-08
-7.474747474747474030e-01 1.890000000000000049e-08
-7.070707070707069608e-01 1.739999999999999699e-08
-6.666666666666665186e-01 1.590000000000000010e-08
-6.262626262626260765e-01 1.460000000000000004e-08
-5.858585858585856343e-01 1.370000000000000025e-08
-5.454545454545454142e-01 1.280000000000000047e-08
-5.050505050505049720e-01 1.220000000000000006e-08
-4.646464646464645298e-01 1.190000000000000068e-08
-4.242424242424240877e-01 1.190000000000000068e-08
-3.838383838383836455e-01 1.159999999999999799e-08
-3.434343434343432033e-01 1.159999999999999799e-08
-3.030303030303029832e-01 1.159999999999999799e-08
-2.626262626262625410e-01 1.159999999999999799e-08
-2.222222222222220989e-01 1.159999999999999799e-08
-1.818181818181816567e-01 1.159999999999999799e-08
-1.414141414141412145e-01 1.159999999999999799e-08
-1.010101010101007724e-01 1.159999999999999799e-08
-6.060606060606055223e-02 1.159999999999999799e-08
-2.020202020202011006e-02 1.159999999999999799e-08
2.020202020202033211e-02 1.159999999999999799e-08
6.060606060606099632e-02 1.159999999999999799e-08
1.010101010101012164e-01 1.159999999999999799e-08
1.414141414141414366e-01 1.159999999999999799e-08
1.818181818181821008e-01 1.159999999999999799e-08
2.222222222222223209e-01 1.159999999999999799e-08
2.626262626262629851e-01 1.159999999999999799e-08
3.030303030303032052e-01 1.159999999999999799e-08
3.434343434343434254e-01 1.159999999999999799e-08
3.838383838383840896e-01 1.159999999999999799e-08
4.242424242424243097e-01 1.159999999999999799e-08
4.646464646464649739e-01 1.159999999999999799e-08
5.050505050505051940e-01 1.129999999999999862e-08
5.454545454545458583e-01 1.129999999999999862e-08
5.858585858585860784e-01 1.129999999999999862e-08
6.262626262626262985e-01 1.129999999999999862e-08
6.666666666666669627e-01 1.129999999999999862e-08
7.070707070707071829e-01 1.099999999999999924e-08
7.474747474747478471e-01 1.099999999999999924e-08
7.878787878787880672e-01 1.069999999999999821e-08
8.282828282828287314e-01 1.069999999999999821e-08
8.686868686868689515e-01 1.039999999999999883e-08
9.090909090909091717e-01 1.009999999999999945e-08
9.494949494949498359e-01 1.009999999999999945e-08
9.898989898989900560e-01 9.499999999999999041e-09
1.030303030303030720e+00 9.199999999999999663e-09
1.070707070707070940e+00 8.900000000000000285e-09
1.111111111111111160e+00 8.200000000000000635e-09
1.151515151515151825e+00 7.899999999999999603e-09
1.191919191919192045e+00 7.300000000000000020e-09
1.232323232323232709e+00 6.999999999999999816e-09
1.272727272727272929e+00 6.400000000000000233e-09
1.313131313131313593e+00 5.499999999999999619e-09
1.353535353535353813e+00 4.899999999999999209e-09
1.393939393939394034e+00 4.299999999999999627e-09
1.434343434343434698e+00 3.700000000000000044e-09
1.474747474747474918e+00 2.700000000000000189e-09
1.515151515151515582e+00 1.799999999999999781e-09
1.555555555555555802e+00 8.999999999999998906e-10
1.595959595959596466e+00 0.000000000000000000e+00
1.636363636363636687e+00 -1.499999999999999990e-09
1.676767676767676907e+00 -2.099999999999999779e-09
1.717171717171717571e+00 -3.399999999999999840e-09
1.757575757575757791e+00 -4.599999999999999832e-09
1.797979797979798455e+00 -6.100000000000000028e-09
1.838383838383838675e+00 -8.200000000000000635e-09
1.878787878787878896e+00 -9.199999999999999663e-09
1.919191919191919560e+00 -1.129999999999999862e-08
1.959595959595959780e+00 -1.309999999999999984e-08
2.000000000000000000e+00 -1.529999999999999804e-08
