-2.000000000000000000e+00 2.010799999999999874e-06
-1.959595959595959558e+00 2.035499999999999824e-06
-1.919191919191919116e+00 1.979099999999999822e-06
-1.878787878787878896e+00 1.904899999999999965e-06
-1.838383838383838453e+00 1.858799999999999889e-06
-1.797979797979798011e+00 1.758399999999999970e-06
-1.757575757575757569e+00 1.728499999999999841e-06
-1.717171717171717127e+00 1.638200000000000045e-06
-1.676767676767676685e+00 1.598500000000000027e-06
-1.636363636363636243e+00 1.507599999999999974e-06
-1.595959595959596022e+00 1.453199999999999910e-06
-1.555555555555555580e+00 1.323499999999999907e-06
-1.515151515151515138e+00 1.286899999999999910e-06
-1.474747474747474696e+00 1.157799999999999952e-06
-1.434343434343434254e+00 1.200299999999999968e-06
-1.393939393939394034e+00 1.018100000000000044e-06
-1.353535353535353369e+00 1.066899999999999899e-06
-1.313131313131313149e+00 9.927000000000000416e-07
-1.272727272727272707e+00 9.340999999999999801e-07
-1.232323232323232265e+00 8.620999999999999706e-07
-1.191919191919191823e+00 7.448999999999999535e-07
-1.151515151515151381e+00 7.473999999999999295e-07
-1.111111111111111160e+00 6.875999999999999896e-07
-1.070707070707070496e+00 5.709999999999999117e-07
-1.030303030303030276e+00 5.749999999999998946e-07
-9.898989898989898339e-01 5.227999999999999962e-07
-9.494949494949493918e-01 4.711999999999999842e-07
-9.090909090909089496e-01 4.229999999999999629e-07
-8.686868686868685074e-01 3.778000000000000081e-07
-8.282828282828282873e-01 3.316999999999999857e-07
-7.878787878787878451e-01 2.904999999999999609e-07
-7.474747474747474030e-01 2.509000000000000034e-07
-7.070707070707069608e-01 2.179000000000000123e-07
-6.666666666666665186e-01 1.876999999999999933e-07
-6.262626262626260765e-01 1.642000000000000013e-07
-5.858585858585856343e-01 1.418999999999999935e-07
-5.454545454545454142e-01 1.235999999999999950e-07
-5.050505050505049720e-01 1.077000000000000049e-07
-4.646464646464645298e-01 9.429999999999999076e-08
-4.242424242424240877e-01 8.300000000000000207e-08
-3.838383838383836455e-01 7.230000000000000552e-08
-3.434343434343432033e-01 6.159999999999999573e-08
-3.030303030303029832e-01 5.159999999999999883e-08
-2.626262626262625410e-01 4.150000000000000103e-08
-2.222222222222220989e-01 3.330000000000000040e-08
-1.818181818181816567e-01 2.659999999999999665e-08
-1.414141414141412145e-01 2.169999999999999910e-08
-1.010101010101007724e-01 1.739999999999999699e-08
-6.060606060606055223e-02 1.460000000000000004e-08
-2.020202020202011006e-02 1.249999999999999943e-08
2.020202020202033211e-02 1.069999999999999821e-08
6.060606060606099632e-02 8.500000000000000012e-09
1.010101010101012164e-01 4.899999999999999209e-09
1.414141414141414366e-01 -2.999999999999999463e-10
1.818181818181821008e-01 -6.999999999999999816e-09
2.222222222222223209e-01 -1.460000000000000004e-08
2.626262626262629851e-01 -2.259999999999999723e-08
3.030303030303032052e-01 -3.110000000000000055e-08
3.434343434343434254e-01 -4.059999999999999297e-08
3.838383838383840896e-01 -4.970000000000000167e-08
4.242424242424243097e-01 -5.920000000000000071e-08
4.646464646464649739e-01 -6.319999999999999682e-08
5.050505050505051940e-01 -8.149999999999999525e-08
5.454545454545458583e-01 -9.279999999999998394e-08
5.858585858585860784e-01 -1.068000000000000034e-07
6.262626262626262985e-01 -1.189999999999999936e-07
6.666666666666669627e-01 -1.333999999999999902e-07
7.070707070707071829e-01 -1.528999999999999993e-07
7.474747474747478471e-01 -1.735999999999999928e-07
7.878787878787880672e-01 -1.907000000000000069e-07
8.282828282828287314e-01 -2.139000000000000029e-07
8.686868686868689515e-01 -2.392999999999999789e-07
9.090909090909091717e-01 -2.645999999999999738e-07
9.494949494949498359e-01 -2.892999999999999766e-07
9.898989898989900560e-01 -3.155999999999999938e-07
1.030303030303030720e+00 -3.444999999999999415e-07
1.070707070707070940e+00 -3.740999999999999948e-07
1.111111111111111160e+00 -4.055999999999999791e-07
1.151515151515151825e+00 -4.375999999999999480e-07
1.191919191919192045e+00 -5.008000000000000375e-07
1.232323232323232709e+00 -5.102999999999999042e-07
1.272727272727272929e+00 -5.624000000000000067e-07
1.313131313131313593e+00 -6.182999999999999713e-07
1.353535353535353813e+00 -6.400000000000000134e-07
1.393939393939394034e+00 -6.649999999999999858e-07
1.434343434343434698e+00 -7.117000000000000003e-07
1.474747474747474918e+00 -7.587000000000000373e-07
1.515151515151515582e+00 -7.967999999999999351e-07
1.555555555555555802e+00 -8.545000000000000349e-07
1.595959595959596466e+00 -9.081999999999999401e-07
1.636363636363636687e+00 -9.542999999999999095e-07
1.676767676767676907e+00 -9.823999999999999030e-07
1.717171717171717571e+00 -1.032100000000000037e-06
1.757575757575757791e+00 -1.115699999999999965e-06
1.797979797979798455e+00 -1.153599999999999848e-06
1.838383838383838675e+00 -1.234699999999999800e-06
1.878787878787878896e+00 -1.282699999999999806e-06
1.919191919191919560e+00 -1.304599999999999969e-06
1.959595959595959780e+00 -1.334200000000000075e-06
2.000000000000000000e+00 -1.373599999999999859e-06
