-2.000000000000000000e+00 2.588000000000000040e-06
-1.959595959595959558e+00 2.575999999999999985e-06
-1.919191919191919116e+00 2.490000000000000300e-06
-1.878787878787878896e+00 2.417000000000000322e-06
-1.838383838383838453e+00 2.316000000000000357e-06
-1.797979797979798011e+00 2.277000000000000391e-06
-1.757575757575757569e+00 2.176000000000000003e-06
-1.717171717171717127e+00 2.081000000000000066e-06
-1.676767676767676685e+00 1.996000000000000032e-06
-1.636363636363636243e+00 1.932000000000000306e-06
-1.595959595959596022e+00 1.849000000000000212e-06
-1.555555555555555580e+00 1.736000000000000192e-06
-1.515151515151515138e+00 1.651000000000000159e-06
-1.474747474747474696e+00 1.596000000000000051e-06
-1.434343434343434254e+00 1.520000000000000058e-06
-1.393939393939394034e+00 1.453000000000000319e-06
-1.353535353535353369e+00 1.318000000000000129e-06
-1.313131313131313149e+00 1.266000000000000034e-06
-1.272727272727272707e+00 1.169000000000000158e-06
-1.232323232323232265e+00 1.056000000000000139e-06
-1.191919191919191823e+00 1.056000000000000139e-06
-1.151515151515151381e+00 9.830000000000001599e-07
-1.111111111111111160e+00 9.310000000000000648e-07
-1.070707070707070496e+00 8.670000000000000211e-07
-1.030303030303030276e+00 7.350000000000000567e-07
-9.898989898989898339e-01 6.740000000000000267e-07
-9.494949494949493918e-01 6.410000000000000885e-07
-9.090909090909089496e-01 5.490000000000000588e-07
-8.686868686868685074e-01 5.460000000000000452e-07
-8.282828282828282873e-01 4.970000000000000696e-07
-7.878787878787878451e-01 4.520000000000000240e-07
-7.474747474747474030e-01 4.000000000000000348e-07
-7.070707070707069608e-01 3.910000000000000469e-07
-6.666666666666665186e-01 3.570000000000000336e-07
-6.262626262626260765e-01 3.270000000000000032e-07
-5.858585858585856343e-01 2.960000000000000565e-07
-5.454545454545454142e-01 2.590000000000000296e-07
-5.050505050505049720e-01 2.530000000000000023e-07
-4.646464646464645298e-01 2.230000000000000248e-07
-4.242424242424240877e-01 2.080000000000000096e-07
-3.838383838383836455e-01 1.980000000000000260e-07
-3.434343434343432033e-01 1.890000000000000116e-07
-3.030303030303029832e-01 1.739999999999999964e-07
-2.626262626262625410e-01 1.650000000000000084e-07
-2.222222222222220989e-01 1.590000000000000341e-07
-1.818181818181816567e-01 1.500000000000000197e-07
-1.414141414141412145e-01 1.430000000000000232e-07
-1.010101010101007724e-01 1.370000000000000224e-07
-6.060606060606055223e-02 1.340000000000000088e-07
-2.020202020202011006e-02 1.310000000000000216e-07
2.020202020202033211e-02 1.280000000000000080e-07
6.060606060606099632e-02 1.250000000000000208e-07
1.010101010101012164e-01 1.190000000000000200e-07
1.414141414141414366e-01 1.130000000000000060e-07
1.818181818181821008e-01 1.040000000000000048e-07
2.222222222222223209e-01 9.500000000000000364e-08
2.626262626262629851e-01 8.500000000000000674e-08
3.030303030303032052e-01 7.900000000000001919e-08
3.434343434343434254e-01 6.400000000000000399e-08
3.838383838383840896e-01 5.500000000000000281e-08
4.242424242424243097e-01 4.000000000000000084e-08
4.646464646464649739e-01 2.700000000000000354e-08
5.050505050505051940e-01 1.500000000000000197e-08
5.454545454545458583e-01 -2.999999999999999980e-09
5.858585858585860784e-01 -2.099999999999999945e-08
6.262626262626262985e-01 -4.000000000000000084e-08
6.666666666666669627e-01 -5.800000000000000320e-08
7.070707070707071829e-01 -7.900000000000001919e-08
7.474747474747478471e-01 -1.040000000000000048e-07
7.878787878787880672e-01 -1.280000000000000080e-07
8.282828282828287314e-01 -1.590000000000000341e-07
8.686868686868689515e-01 -1.830000000000000108e-07
9.090909090909091717e-01 -2.140000000000000104e-07
9.494949494949498359e-01 -2.530000000000000023e-07
9.898989898989900560e-01 -2.810000000000000413e-07
1.030303030303030720e+00 -3.200000000000000067e-07
1.070707070707070940e+00 -3.540000000000000200e-07
1.111111111111111160e+00 -3.850000000000000196e-07
1.151515151515151825e+00 -4.300000000000000123e-07
1.191919191919192045e+00 -4.760000000000000801e-07
1.232323232323232709e+00 -5.190000000000000284e-07
1.272727272727272929e+00 -5.550000000000000861e-07
1.313131313131313593e+00 -6.040000000000000616e-07
1.353535353535353813e+00 -6.470000000000000099e-07
1.393939393939394034e+00 -6.900000000000000641e-07
1.434343434343434698e+00 -7.390000000000000396e-07
1.474747474747474918e+00 -8.060000000000000969e-07
1.515151515151515582e+00 -8.580000000000000861e-07
1.555555555555555802e+00 -9.280000000000000512e-07
1.595959595959596466e+00 -9.890000000000001871e-07
1.636363636363636687e+00 -1.047000000000000098e-06
1.676767676767676907e+00 -1.114000000000000049e-06
1.717171717171717571e+00 -1.193000000000000055e-06
1.757575757575757791e+00 -1.260000000000000007e-06
1.797979797979798455e+00 -1.315000000000000115e-06
1.838383838383838675e+00 -1.385000000000000292e-06
1.878787878787878896e+00 -1.439999999999999977e-06
1.919191919191919560e+00 -1.504999999999999990e-06
1.959595959595959780e+00 -1.575000000000000167e-06
2.000000000000000000e+00 -1.608000000000000105e-06
