-2.000000000000000000e+00 2.206000000000000139e-06
-1.918367346938775420e+00 2.008000000000000087e-06
-1.836734693877551061e+00 1.870999999999999959e-06
-1.755102040816326481e+00 1.678000000000000282e-06
-1.673469387755102122e+00 1.526000000000000297e-06
-1.591836734693877542e+00 1.382000000000000067e-06
-1.510204081632652962e+00 1.285000000000000191e-06
-1.428571428571428603e+00 1.166000000000000144e-06
-1.346938775510204245e+00 1.035000000000000043e-06
-1.265306122448979664e+00 9.030000000000000788e-07
-1.183673469387755084e+00 8.360000000000000215e-07
-1.102040816326530726e+00 7.450000000000000669e-07
-1.020408163265306145e+00 6.590000000000000644e-07
-9.387755102040817867e-01 5.800000000000000585e-07
-8.571428571428572063e-01 5.040000000000000661e-07
-7.755102040816328479e-01 4.390000000000000532e-07
-6.938775510204082675e-01 3.810000000000000368e-07
-6.122448979591836871e-01 3.330000000000000834e-07
-5.306122448979593287e-01 2.900000000000000292e-07
-4.489795918367347483e-01 2.500000000000000416e-07
-3.673469387755103899e-01 2.230000000000000248e-07
-2.857142857142858094e-01 1.950000000000000124e-07
-2.040816326530614511e-01 1.710000000000000092e-07
-1.224489795918368706e-01 1.530000000000000068e-07
-4.081632653061229021e-02 1.370000000000000224e-07
4.081632653061229021e-02 1.190000000000000200e-07
1.224489795918364266e-01 1.010000000000000044e-07
2.040816326530610070e-01 7.900000000000001919e-08
2.857142857142855874e-01 5.500000000000000281e-08
3.673469387755101678e-01 2.700000000000000354e-08
4.489795918367343042e-01 -2.999999999999999980e-09
5.306122448979588846e-01 -4.600000000000000162e-08
6.122448979591834650e-01 -8.500000000000000674e-08
6.938775510204080454e-01 -1.340000000000000088e-07
7.755102040816326259e-01 -1.890000000000000116e-07
8.571428571428567622e-01 -2.380000000000000401e-07
9.387755102040813426e-01 -3.020000000000000308e-07
1.020408163265305923e+00 -3.690000000000000352e-07
1.102040816326530503e+00 -4.430000000000000361e-07
1.183673469387754640e+00 -5.130000000000000011e-07
1.265306122448979220e+00 -5.950000000000000207e-07
1.346938775510203801e+00 -6.770000000000000403e-07
1.428571428571428381e+00 -7.720000000000000837e-07
1.510204081632652962e+00 -8.670000000000000211e-07
1.591836734693877098e+00 -9.770000000000001326e-07
1.673469387755101678e+00 -1.070999999999999995e-06
1.755102040816326259e+00 -1.205000000000000110e-06
1.836734693877550839e+00 -1.312000000000000313e-06
1.918367346938775420e+00 -1.439999999999999977e-06
2.000000000000000000e+00 -1.605000000000000091e-06
