-2.000000000000000000e+00 3.030000000000000212e-06
-1.959595959595959558e+00 3.024000000000000185e-06
-1.919191919191919116e+00 2.933000000000000125e-06
-1.878787878787878896e+00 2.826000000000000556e-06
-1.838383838383838453e+00 2.722000000000000366e-06
-1.797979797979798011e+00 2.596999999999999869e-06
-1.757575757575757569e+00 2.493000000000000102e-06
-1.717171717171717127e+00 2.393000000000000213e-06
-1.676767676767676685e+00 2.292000000000000248e-06
-1.636363636363636243e+00 2.188000000000000058e-06
-1.595959595959596022e+00 2.103000000000000024e-06
-1.555555555555555580e+00 2.002000000000000060e-06
-1.515151515151515138e+00 1.901000000000000095e-06
-1.474747474747474696e+00 1.801000000000000205e-06
-1.434343434343434254e+00 1.709000000000000070e-06
-1.393939393939394034e+00 1.611000000000000119e-06
-1.353535353535353369e+00 1.511000000000000229e-06
-1.313131313131313149e+00 1.431000000000000148e-06
-1.272727272727272707e+00 1.331000000000000047e-06
-1.232323232323232265e+00 1.247999999999999952e-06
-1.191919191919191823e+00 1.172000000000000171e-06
-1.151515151515151381e+00 1.074000000000000009e-06
-1.111111111111111160e+00 9.950000000000002144e-07
-1.070707070707070496e+00 9.310000000000000648e-07
-1.030303030303030276e+00 8.540000000000001032e-07
-9.898989898989898339e-01 7.870000000000001518e-07
-9.494949494949493918e-01 7.350000000000000567e-07
-9.090909090909089496e-01 6.770000000000000403e-07
-8.686868686868685074e-01 6.069999999999999694e-07
-8.282828282828282873e-01 5.580000000000000997e-07
-7.878787878787878451e-01 5.099999999999999875e-07
-7.474747474747474030e-01 4.640000000000000256e-07
-7.070707070707069608e-01 4.270000000000000516e-07
-6.666666666666665186e-01 3.880000000000000333e-07
-6.262626262626260765e-01 3.540000000000000200e-07
-5.858585858585856343e-01 3.200000000000000067e-07
-5.454545454545454142e-01 2.990000000000000172e-07
-5.050505050505049720e-01 2.720000000000000004e-07
-4.646464646464645298e-01 2.500000000000000416e-07
-4.242424242424240877e-01 2.320000000000000128e-07
-3.838383838383836455e-01 2.170000000000000241e-07
-3.434343434343432033e-01 2.010000000000000131e-07
-3.030303030303029832e-01 1.890000000000000116e-07
-2.626262626262625410e-01 1.770000000000000100e-07
-2.222222222222220989e-01 1.679999999999999956e-07
-1.818181818181816567e-01 1.559999999999999940e-07
-1.414141414141412145e-01 1.500000000000000197e-07
-1.010101010101007724e-01 1.430000000000000232e-07
-6.060606060606055223e-02 1.370000000000000224e-07
-2.020202020202011006e-02 1.310000000000000216e-07
2.020202020202033211e-02 1.250000000000000208e-07
6.060606060606099632e-02 1.190000000000000200e-07
1.010101010101012164e-01 1.130000000000000060e-07
1.414141414141414366e-01 1.070000000000000052e-07
1.818181818181821008e-01 9.800000000000000404e-08
2.222222222222223209e-01 8.900000000000000285e-08
2.626262626262629851e-01 7.600000000000000556e-08
3.030303030303032052e-01 6.400000000000000399e-08
3.434343434343434254e-01 5.200000000000000241e-08
3.838383838383840896e-01 3.700000000000000706e-08
4.242424242424243097e-01 2.099999999999999945e-08
4.646464646464649739e-01 2.999999999999999980e-09
5.050505050505051940e-01 -1.500000000000000197e-08
5.454545454545458583e-01 -3.700000000000000706e-08
5.858585858585860784e-01 -5.800000000000000320e-08
6.262626262626262985e-01 -8.200000000000001958e-08
6.666666666666669627e-01 -1.070000000000000052e-07
7.070707070707071829e-01 -1.370000000000000224e-07
7.474747474747478471e-01 -1.650000000000000084e-07
7.878787878787880672e-01 -1.980000000000000260e-07
8.282828282828287314e-01 -2.320000000000000128e-07
8.686868686868689515e-01 -2.840000000000000549e-07
9.090909090909091717e-01 -3.200000000000000067e-07
9.494949494949498359e-01 -3.660000000000000216e-07
9.898989898989900560e-01 -4.060000000000000092e-07
1.030303030303030720e+00 -4.490000000000000633e-07
1.070707070707070940e+00 -5.000000000000000833e-07
1.111111111111111160e+00 -5.460000000000000452e-07
1.151515151515151825e+00 -6.010000000000000480e-07
1.191919191919192045e+00 -6.470000000000000099e-07
1.232323232323232709e+00 -6.959999999999999854e-07
1.272727272727272929e+00 -7.540000000000000019e-07
1.313131313131313593e+00 -8.120000000000000183e-07
1.353535353535353813e+00 -8.670000000000000211e-07
1.393939393939394034e+00 -9.340000000000000784e-07
1.434343434343434698e+00 -9.919999999999999890e-07
1.474747474747474918e+00 -1.058999999999999940e-06
1.515151515151515582e+00 -1.132000000000000131e-06
1.555555555555555802e+00 -1.205000000000000110e-06
1.595959595959596466e+00 -1.279000000000000163e-06
1.636363636363636687e+00 -1.349000000000000128e-06
1.676767676767676907e+00 -1.416000000000000080e-06
1.717171717171717571e+00 -1.495000000000000086e-06
1.757575757575757791e+00 -1.584000000000000208e-06
1.797979797979798455e+00 -1.669000000000000029e-06
1.838383838383838675e+00 -1.755000000000000138e-06
1.878787878787878896e+00 -1.837000000000000157e-06
1.919191919191919560e+00 -1.926000000000000279e-06
1.959595959595959780e+00 -1.999000000000000258e-06
2.000000000000000000e+00 -2.094000000000000195e-06
