-2.000000000000000000e+00 1.949999999999999925e-08
-1.918367346938775420e+00 1.829999999999999843e-08
-1.836734693877551061e+00 1.679999999999999823e-08
-1.755102040816326481e+00 1.649999999999999886e-08
-1.673469387755102122e+00 1.590000000000000010e-08
-1.591836734693877542e+00 1.559999999999999741e-08
-1.510204081632652962e+00 1.370000000000000025e-08
-1.428571428571428603e+00 1.429999999999999901e-08
-1.346938775510204245e+00 1.280000000000000047e-08
-1.265306122448979664e+00 1.370000000000000025e-08
-1.183673469387755084e+00 1.309999999999999984e-08
-1.102040816326530726e+00 1.249999999999999943e-08
-1.020408163265306145e+00 1.339999999999999922e-08
-9.387755102040817867e-01 1.220000000000000006e-08
-8.571428571428572063e-01 1.220000000000000006e-08
-7.755102040816328479e-01 1.309999999999999984e-08
-6.938775510204082675e-01 1.339999999999999922e-08
-6.122448979591836871e-01 1.280000000000000047e-08
-5.306122448979593287e-01 1.190000000000000068e-08
-4.489795918367347483e-01 1.249999999999999943e-08
-3.673469387755103899e-01 1.370000000000000025e-08
-2.857142857142858094e-01 1.190000000000000068e-08
-2.040816326530614511e-01 1.249999999999999943e-08
-1.224489795918368706e-01 1.339999999999999922e-08
-4.081632653061229021e-02 1.220000000000000006e-08
4.081632653061229021e-02 1.280000000000000047e-08
1.224489795918364266e-01 1.339999999999999922e-08
2.040816326530610070e-01 1.309999999999999984e-08
2.857142857142855874e-01 1.370000000000000025e-08
3.673469387755101678e-01 1.399999999999999963e-08
4.489795918367343042e-01 1.370000000000000025e-08
5.306122448979588846e-01 1.249999999999999943e-08
6.122448979591834650e-01 1.339999999999999922e-08
6.938775510204080454e-01 1.220000000000000006e-08
7.755102040816326259e-01 1.220000000000000006e-08
8.571428571428567622e-01 1.309999999999999984e-08
9.387755102040813426e-01 1.309999999999999984e-08
1.020408163265305923e+00 1.280000000000000047e-08
1.102040816326530503e+00 1.249999999999999943e-08
1.183673469387754640e+00 1.190000000000000068e-08
1.265306122448979220e+00 1.249999999999999943e-08
1.346938775510203801e+00 1.280000000000000047e-08
1.428571428571428381e+00 1.370000000000000025e-08
1.510204081632652962e+00 1.280000000000000047e-08
1.591836734693877098e+00 1.220000000000000006e-08
1.673469387755101678e+00 1.280000000000000047e-08
1.755102040816326259e+00 1.280000000000000047e-08
1.836734693877550839e+00 1.099999999999999924e-08
1.918367346938775420e+00 1.129999999999999862e-08
2.000000000000000000e+00 1.339999999999999922e-08
