-2.000000000000000000e+00 1.559999999999999940e-07
-1.918367346938775420e+00 1.500000000000000197e-07
-1.836734693877551061e+00 1.460000000000000103e-07
-1.755102040816326481e+00 1.430000000000000232e-07
-1.673469387755102122e+00 1.400000000000000095e-07
-1.591836734693877542e+00 1.370000000000000224e-07
-1.510204081632652962e+00 1.370000000000000224e-07
-1.428571428571428603e+00 1.340000000000000088e-07
-1.346938775510204245e+00 1.340000000000000088e-07
-1.265306122448979664e+00 1.310000000000000216e-07
-1.183673469387755084e+00 1.310000000000000216e-07
-1.102040816326530726e+00 1.310000000000000216e-07
-1.020408163265306145e+00 1.280000000000000080e-07
-9.387755102040817867e-01 1.280000000000000080e-07
-8.571428571428572063e-01 1.280000000000000080e-07
-7.755102040816328479e-01 1.280000000000000080e-07
-6.938775510204082675e-01 1.280000000000000080e-07
-6.122448979591836871e-01 1.280000000000000080e-07
-5.306122448979593287e-01 1.280000000000000080e-07
-4.489795918367347483e-01 1.280000000000000080e-07
-3.673469387755103899e-01 1.280000000000000080e-07
-2.857142857142858094e-01 1.280000000000000080e-07
-2.040816326530614511e-01 1.280000000000000080e-07
-1.224489795918368706e-01 1.280000000000000080e-07
-4.081632653061229021e-02 1.280000000000000080e-07
4.081632653061229021e-02 1.280000000000000080e-07
1.224489795918364266e-01 1.280000000000000080e-07
2.040816326530610070e-01 1.280000000000000080e-07
2.857142857142855874e-01 1.280000000000000080e-07
3.673469387755101678e-01 1.280000000000000080e-07
4.489795918367343042e-01 1.280000000000000080e-07
5.306122448979588846e-01 1.280000000000000080e-07
6.122448979591834650e-01 1.280000000000000080e-07
6.938775510204080454e-01 1.280000000000000080e-07
7.755102040816326259e-01 1.280000000000000080e-07
8.571428571428567622e-01 1.280000000000000080e-07
9.387755102040813426e-01 1.280000000000000080e-07
1.020408163265305923e+00 1.280000000000000080e-07
1.102040816326530503e+00 1.280000000000000080e-07
1.183673469387754640e+00 1.280000000000000080e-07
1.265306122448979220e+00 1.280000000000000080e-07
1.346938775510203801e+00 1.280000000000000080e-07
1.428571428571428381e+00 1.250000000000000208e-07
1.510204081632652962e+00 1.250000000000000208e-07
1.591836734693877098e+00 1.250000000000000208e-07
1.673469387755101678e+00 1.250000000000000208e-07
1.755102040816326259e+00 1.220000000000000072e-07
1.836734693877550839e+00 1.220000000000000072e-07
1.918367346938775420e+00 1.220000000000000072e-07
2.000000000000000000e+00 1.190000000000000200e-07
