-2.000000000000000000e+00 1.791000000000000301e-06
-1.959595959595959558e+00 1.688000000000000186e-06
-1.919191919191919116e+00 1.599000000000000064e-06
-1.878787878787878896e+00 1.495000000000000086e-06
-1.838383838383838453e+00 1.363999999999999985e-06
-1.797979797979798011e+00 1.254000000000000191e-06
-1.757575757575757569e+00 1.154000000000000090e-06
-1.717171717171717127e+00 1.062000000000000166e-06
-1.676767676767676685e+00 9.770000000000001326e-07
-1.636363636363636243e+00 8.940000000000000379e-07
-1.595959595959596022e+00 8.180000000000000456e-07
-1.555555555555555580e+00 7.480000000000000805e-07
-1.515151515151515138e+00 6.840000000000000368e-07
-1.474747474747474696e+00 6.200000000000000990e-07
-1.434343434343434254e+00 5.650000000000000962e-07
-1.393939393939394034e+00 5.130000000000000011e-07
-1.353535353535353369e+00 4.670000000000000392e-07
-1.313131313131313149e+00 4.240000000000000380e-07
-1.272727272727272707e+00 3.850000000000000196e-07
-1.232323232323232265e+00 3.479999999999999927e-07
-1.191919191919191823e+00 3.169999999999999931e-07
-1.151515151515151381e+00 2.870000000000000156e-07
-1.111111111111111160e+00 2.620000000000000432e-07
-1.070707070707070496e+00 2.410000000000000007e-07
-1.030303030303030276e+00 2.200000000000000112e-07
-9.898989898989898339e-01 2.010000000000000131e-07
-9.494949494949493918e-01 1.859999999999999979e-07
-9.090909090909089496e-01 1.739999999999999964e-07
-8.686868686868685074e-01 1.619999999999999948e-07
-8.282828282828282873e-01 1.530000000000000068e-07
-7.878787878787878451e-01 1.430000000000000232e-07
-7.474747474747474030e-01 1.340000000000000088e-07
-7.070707070707069608e-01 1.310000000000000216e-07
-6.666666666666665186e-01 1.250000000000000208e-07
-6.262626262626260765e-01 1.220000000000000072e-07
-5.858585858585856343e-01 1.190000000000000200e-07
-5.454545454545454142e-01 1.190000000000000200e-07
-5.050505050505049720e-01 1.160000000000000064e-07
-4.646464646464645298e-01 1.160000000000000064e-07
-4.242424242424240877e-01 1.160000000000000064e-07
-3.838383838383836455e-01 1.160000000000000064e-07
-3.434343434343432033e-01 1.160000000000000064e-07
-3.030303030303029832e-01 1.160000000000000064e-07
-2.626262626262625410e-01 1.160000000000000064e-07
-2.222222222222220989e-01 1.160000000000000064e-07
-1.818181818181816567e-01 1.160000000000000064e-07
-1.414141414141412145e-01 1.160000000000000064e-07
-1.010101010101007724e-01 1.160000000000000064e-07
-6.060606060606055223e-02 1.160000000000000064e-07
-2.020202020202011006e-02 1.160000000000000064e-07
2.020202020202033211e-02 1.160000000000000064e-07
6.060606060606099632e-02 1.160000000000000064e-07
1.010101010101012164e-01 1.160000000000000064e-07
1.414141414141414366e-01 1.160000000000000064e-07
1.818181818181821008e-01 1.160000000000000064e-07
2.222222222222223209e-01 1.160000000000000064e-07
2.626262626262629851e-01 1.160000000000000064e-07
3.030303030303032052e-01 1.160000000000000064e-07
3.434343434343434254e-01 1.160000000000000064e-07
3.838383838383840896e-01 1.160000000000000064e-07
4.242424242424243097e-01 1.160000000000000064e-07
4.646464646464649739e-01 1.160000000000000064e-07
5.050505050505051940e-01 1.160000000000000064e-07
5.454545454545458583e-01 1.160000000000000064e-07
5.858585858585860784e-01 1.160000000000000064e-07
6.262626262626262985e-01 1.160000000000000064e-07
6.666666666666669627e-01 1.160000000000000064e-07
7.070707070707071829e-01 1.160000000000000064e-07
7.474747474747478471e-01 1.160000000000000064e-07
7.878787878787880672e-01 1.130000000000000060e-07
8.282828282828287314e-01 1.130000000000000060e-07
8.686868686868689515e-01 1.130000000000000060e-07
9.090909090909091717e-01 1.130000000000000060e-07
9.494949494949498359e-01 1.130000000000000060e-07
9.898989898989900560e-01 1.130000000000000060e-07
1.030303030303030720e+00 1.130000000000000060e-07
1.070707070707070940e+00 1.100000000000000056e-07
1.111111111111111160e+00 1.100000000000000056e-07
1.151515151515151825e+00 1.100000000000000056e-07
1.191919191919192045e+00 1.100000000000000056e-07
1.232323232323232709e+00 1.070000000000000052e-07
1.272727272727272929e+00 1.070000000000000052e-07
1.313131313131313593e+00 1.040000000000000048e-07
1.353535353535353813e+00 1.040000000000000048e-07
1.393939393939394034e+00 1.040000000000000048e-07
1.434343434343434698e+00 1.010000000000000044e-07
1.474747474747474918e+00 9.800000000000000404e-08
1.515151515151515582e+00 9.800000000000000404e-08
1.555555555555555802e+00 9.500000000000000364e-08
1.595959595959596466e+00 9.200000000000000325e-08
1.636363636363636687e+00 9.200000000000000325e-08
1.676767676767676907e+00 8.500000000000000674e-08
1.717171717171717571e+00 8.200000000000001958e-08
1.757575757575757791e+00 7.900000000000001919e-08
1.797979797979798455e+00 7.600000000000000556e-08
1.838383838383838675e+00 7.300000000000000517e-08
1.878787878787878896e+00 7.000000000000000477e-08
1.919191919191919560e+00 6.700000000000000438e-08
1.959595959595959780e+00 6.100000000000000359e-08
2.000000000000000000e+00 5.800000000000000320e-08
