-2.000000000000000000e+00 6.064000000000000302e-07
-1.959595959595959558e+00 5.737000000000000087e-07
-1.919191919191919116e+00 5.474999999999999461e-07
-1.878787878787878896e+00 5.297999999999999928e-07
-1.838383838383838453e+00 5.123999999999999561e-07
-1.797979797979798011e+00 4.964999999999999262e-07
-1.757575757575757569e+00 4.815999999999999714e-07
-1.717171717171717127e+00 4.653999999999999720e-07
-1.676767676767676685e+00 4.500999999999999871e-07
-1.636363636363636243e+00 4.345999999999999873e-07
-1.595959595959596022e+00 4.198999999999999947e-07
-1.555555555555555580e+00 4.025000000000000109e-07
-1.515151515151515138e+00 3.876000000000000032e-07
-1.474747474747474696e+00 3.735000000000000027e-07
-1.434343434343434254e+00 3.582999999999999725e-07
-1.393939393939394034e+00 3.467000000000000009e-07
-1.353535353535353369e+00 3.305000000000000015e-07
-1.313131313131313149e+00 3.155999999999999938e-07
-1.272727272727272707e+00 3.003000000000000090e-07
-1.232323232323232265e+00 2.849999999999999712e-07
-1.191919191919191823e+00 2.703999999999999861e-07
-1.151515151515151381e+00 2.548000000000000317e-07
-1.111111111111111160e+00 2.404999999999999632e-07
-1.070707070707070496e+00 2.263999999999999891e-07
-1.030303030303030276e+00 2.123999999999999961e-07
-9.898989898989898339e-01 1.986999999999999727e-07
-9.494949494949493918e-01 1.851999999999999908e-07
-9.090909090909089496e-01 1.726999999999999781e-07
-8.686868686868685074e-01 1.601999999999999919e-07
-8.282828282828282873e-01 1.474000000000000096e-07
-7.878787878787878451e-01 1.346000000000000009e-07
-7.474747474747474030e-01 1.220999999999999882e-07
-7.070707070707069608e-01 1.098999999999999981e-07
-6.666666666666665186e-01 9.769999999999999473e-08
-6.262626262626260765e-01 8.609999999999999674e-08
-5.858585858585856343e-01 7.480000000000000805e-08
-5.454545454545454142e-01 6.409999999999999826e-08
-5.050505050505049720e-01 5.459999999999999922e-08
-4.646464646464645298e-01 4.639999999999999197e-08
-4.242424242424240877e-01 3.909999999999999940e-08
-3.838383838383836455e-01 3.270000000000000164e-08
-3.434343434343432033e-01 2.749999999999999809e-08
-3.030303030303029832e-01 2.319999999999999599e-08
-2.626262626262625410e-01 2.009999999999999801e-08
-2.222222222222220989e-01 1.769999999999999968e-08
-1.818181818181816567e-01 1.559999999999999741e-08
-1.414141414141412145e-01 1.399999999999999963e-08
-1.010101010101007724e-01 1.280000000000000047e-08
-6.060606060606055223e-02 1.220000000000000006e-08
-2.020202020202011006e-02 1.159999999999999799e-08
2.020202020202033211e-02 1.129999999999999862e-08
6.060606060606099632e-02 1.099999999999999924e-08
1.010101010101012164e-01 1.009999999999999945e-08
1.414141414141414366e-01 9.199999999999999663e-09
1.818181818181821008e-01 7.600000000000000225e-09
2.222222222222223209e-01 5.799999999999998996e-09
2.626262626262629851e-01 3.399999999999999840e-09
3.030303030303032052e-01 5.999999999999998926e-10
3.434343434343434254e-01 -2.399999999999999570e-09
3.838383838383840896e-01 -5.799999999999998996e-09
4.242424242424243097e-01 -9.799999999999998418e-09
4.646464646464649739e-01 -1.399999999999999963e-08
5.050505050505051940e-01 -1.980000000000000194e-08
5.454545454545458583e-01 -2.560000000000000093e-08
5.858585858585860784e-01 -3.229999999999999806e-08
6.262626262626262985e-01 -4.000000000000000084e-08
6.666666666666669627e-01 -4.819999999999999485e-08
7.070707070707071829e-01 -5.709999999999999514e-08
7.474747474747478471e-01 -6.709999999999999866e-08
7.878787878787880672e-01 -7.749999999999999914e-08
8.282828282828287314e-01 -8.970000000000000251e-08
8.686868686868689515e-01 -1.021999999999999887e-07
9.090909090909091717e-01 -1.150999999999999917e-07
9.494949494949498359e-01 -1.293999999999999808e-07
9.898989898989900560e-01 -1.449999999999999881e-07
1.030303030303030720e+00 -1.613999999999999762e-07
1.070707070707070940e+00 -1.357999999999999852e-07
1.111111111111111160e+00 -1.507999999999999739e-07
1.151515151515151825e+00 -2.141999999999999990e-07
1.191919191919192045e+00 -2.327999999999999935e-07
1.232323232323232709e+00 -2.475000000000000126e-07
1.272727272727272929e+00 -2.609000000000000135e-07
1.313131313131313593e+00 -2.727999999999999546e-07
1.353535353535353813e+00 -2.898999999999999688e-07
1.393939393939394034e+00 -3.100999999999999511e-07
1.434343434343434698e+00 -3.322999999999999779e-07
1.474747474747474918e+00 -3.563999999999999885e-07
1.515151515151515582e+00 -3.894000000000000326e-07
1.555555555555555802e+00 -4.168999999999999810e-07
1.595959595959596466e+00 -4.494999999999999950e-07
1.636363636363636687e+00 -4.779000000000000111e-07
1.676767676767676907e+00 -5.138999999999999629e-07
1.717171717171717571e+00 -5.460000000000000452e-07
1.757575757575757791e+00 -5.810999999999999293e-07
1.797979797979798455e+00 -6.154999999999999727e-07
1.838383838383838675e+00 -6.545999999999999456e-07
1.878787878787878896e+00 -6.921000000000000101e-07
1.919191919191919560e+00 -7.311999999999998771e-07
1.959595959595959780e+00 -7.607999999999999834e-07
2.000000000000000000e+00 -8.077999999999999145e-07
