-2.000000000000000000e+00 2.234499999999999951e-06
-1.959595959595959558e+00 2.250999999999999709e-06
-1.919191919191919116e+00 2.190599999999999830e-06
-1.878787878787878896e+00 2.133499999999999987e-06
-1.838383838383838453e+00 2.047099999999999848e-06
-1.797979797979798011e+00 1.992799999999999792e-06
-1.757575757575757569e+00 1.885399999999999982e-06
-1.717171717171717127e+00 1.827399999999999859e-06
-1.676767676767676685e+00 1.743200000000000098e-06
-1.636363636363636243e+00 1.654099999999999757e-06
-1.595959595959596022e+00 1.572899999999999797e-06
-1.555555555555555580e+00 1.520699999999999899e-06
-1.515151515151515138e+00 1.439199999999999917e-06
-1.474747474747474696e+00 1.373000000000000026e-06
-1.434343434343434254e+00 1.261899999999999937e-06
-1.393939393939394034e+00 1.266199999999999837e-06
-1.353535353535353369e+00 1.173399999999999853e-06
-1.313131313131313149e+00 1.111499999999999861e-06
-1.272727272727272707e+00 1.048299999999999984e-06
-1.232323232323232265e+00 9.781000000000000035e-07
-1.191919191919191823e+00 9.009000000000000269e-07
-1.151515151515151381e+00 8.318999999999999252e-07
-1.111111111111111160e+00 6.865999999999999145e-07
-1.070707070707070496e+00 7.092000000000000242e-07
-1.030303030303030276e+00 6.427000000000000045e-07
-9.898989898989898339e-01 5.608999999999998940e-07
-9.494949494949493918e-01 4.497999999999999646e-07
-9.090909090909089496e-01 4.117000000000000139e-07
-8.686868686868685074e-01 3.632000000000000230e-07
-8.282828282828282873e-01 3.214000000000000060e-07
-7.878787878787878451e-01 3.183000000000000378e-07
-7.474747474747474030e-01 2.761999999999999983e-07
-7.070707070707069608e-01 2.413999999999999779e-07
-6.666666666666665186e-01 2.108999999999999893e-07
-6.262626262626260765e-01 1.763999999999999914e-07
-5.858585858585856343e-01 1.531999999999999954e-07
-5.454545454545454142e-01 1.327999999999999980e-07
-5.050505050505049720e-01 1.180999999999999921e-07
-4.646464646464645298e-01 1.027999999999999941e-07
-4.242424242424240877e-01 8.269999999999999276e-08
-3.838383838383836455e-01 7.049999999999998940e-08
-3.434343434343432033e-01 5.859999999999999534e-08
-3.030303030303029832e-01 5.159999999999999883e-08
-2.626262626262625410e-01 4.329999999999999730e-08
-2.222222222222220989e-01 3.689999999999999955e-08
-1.818181818181816567e-01 2.929999999999999767e-08
-1.414141414141412145e-01 2.349999999999999867e-08
-1.010101010101007724e-01 1.890000000000000049e-08
-6.060606060606055223e-02 1.559999999999999741e-08
-2.020202020202011006e-02 1.280000000000000047e-08
2.020202020202033211e-02 1.039999999999999883e-08
6.060606060606099632e-02 7.600000000000000225e-09
1.010101010101012164e-01 3.700000000000000044e-09
1.414141414141414366e-01 -8.999999999999998906e-10
1.818181818181821008e-01 -7.600000000000000225e-09
2.222222222222223209e-01 -1.429999999999999901e-08
2.626262626262629851e-01 -2.440000000000000011e-08
3.030303030303032052e-01 -3.479999999999999398e-08
3.434343434343434254e-01 -4.579999999999999983e-08
3.838383838383840896e-01 -5.620000000000000032e-08
4.242424242424243097e-01 -6.499999999999999971e-08
4.646464646464649739e-01 -7.349999999999998979e-08
5.050505050505051940e-01 -8.789999999999999962e-08
5.454545454545458583e-01 -1.049999999999999873e-07
5.858585858585860784e-01 -1.214999999999999961e-07
6.262626262626262985e-01 -1.320999999999999984e-07
6.666666666666669627e-01 -1.562000000000000090e-07
7.070707070707071829e-01 -1.773000000000000061e-07
7.474747474747478471e-01 -1.983999999999999766e-07
7.878787878787880672e-01 -2.205999999999999769e-07
8.282828282828287314e-01 -2.422999999999999925e-07
8.686868686868689515e-01 -2.710000000000000311e-07
9.090909090909091717e-01 -2.978999999999999875e-07
9.494949494949498359e-01 -3.183000000000000378e-07
9.898989898989900560e-01 -3.557999999999999964e-07
1.030303030303030720e+00 -3.814999999999999684e-07
1.070707070707070940e+00 -4.085999999999999927e-07
1.111111111111111160e+00 -4.494999999999999950e-07
1.151515151515151825e+00 -4.830999999999999782e-07
1.191919191919192045e+00 -5.474999999999999461e-07
1.232323232323232709e+00 -5.858999999999999723e-07
1.272727272727272929e+00 -6.209999999999999624e-07
1.313131313131313593e+00 -6.664999999999999926e-07
1.353535353535353813e+00 -7.094999999999999409e-07
1.393939393939394034e+00 -7.552999999999998878e-07
1.434343434343434698e+00 -7.967999999999999351e-07
1.474747474747474918e+00 -8.458999999999999182e-07
1.515151515151515582e+00 -8.965999999999999156e-07
1.555555555555555802e+00 -9.624999999999998903e-07
1.595959595959596466e+00 -1.002799999999999953e-06
1.636363636363636687e+00 -1.069900000000000124e-06
1.676767676767676907e+00 -1.141399999999999990e-06
1.717171717171717571e+00 -1.188999999999999966e-06
1.757575757575757791e+00 -1.277800000000000073e-06
1.797979797979798455e+00 -1.318399999999999947e-06
1.838383838383838675e+00 -1.387000000000000019e-06
1.878787878787878896e+00 -1.450799999999999942e-06
1.919191919191919560e+00 -1.466399999999999843e-06
1.959595959595959780e+00 -1.512499999999999918e-06
2.000000000000000000e+00 -1.560999999999999962e-06
