-2.000000000000000000e+00 1.801000000000000205e-06
-1.959595959595959558e+00 1.749000000000000110e-06
-1.919191919191919116e+00 1.776000000000000233e-06
-1.878787878787878896e+00 1.729999999999999953e-06
-1.838383838383838453e+00 1.688000000000000186e-06
-1.797979797979798011e+00 1.636000000000000091e-06
-1.757575757575757569e+00 1.599000000000000064e-06
-1.717171717171717127e+00 1.532000000000000113e-06
-1.676767676767676685e+00 1.508000000000000004e-06
-1.636363636363636243e+00 1.413000000000000278e-06
-1.595959595959596022e+00 1.398000000000000210e-06
-1.555555555555555580e+00 1.349000000000000128e-06
-1.515151515151515138e+00 1.285000000000000191e-06
-1.474747474747474696e+00 1.236000000000000109e-06
-1.434343434343434254e+00 1.132000000000000131e-06
-1.393939393939394034e+00 1.010000000000000071e-06
-1.353535353535353369e+00 1.058999999999999940e-06
-1.313131313131313149e+00 9.000000000000000652e-07
-1.272727272727272707e+00 8.760000000000000620e-07
-1.232323232323232265e+00 8.880000000000001165e-07
-1.191919191919191823e+00 8.330000000000000078e-07
-1.151515151515151381e+00 7.780000000000000050e-07
-1.111111111111111160e+00 7.260000000000000159e-07
-1.070707070707070496e+00 6.900000000000000641e-07
-1.030303030303030276e+00 5.650000000000000962e-07
-9.898989898989898339e-01 5.250000000000000557e-07
-9.494949494949493918e-01 4.880000000000000287e-07
-9.090909090909089496e-01 4.550000000000000376e-07
-8.686868686868685074e-01 4.150000000000000500e-07
-8.282828282828282873e-01 3.850000000000000196e-07
-7.878787878787878451e-01 3.540000000000000200e-07
-7.474747474747474030e-01 3.270000000000000032e-07
-7.070707070707069608e-01 3.020000000000000308e-07
-6.666666666666665186e-01 2.840000000000000549e-07
-6.262626262626260765e-01 2.660000000000000261e-07
-5.858585858585856343e-01 2.470000000000000280e-07
-5.454545454545454142e-01 2.320000000000000128e-07
-5.050505050505049720e-01 2.140000000000000104e-07
-4.646464646464645298e-01 2.040000000000000268e-07
-4.242424242424240877e-01 1.919999999999999987e-07
-3.838383838383836455e-01 1.799999999999999971e-07
-3.434343434343432033e-01 1.710000000000000092e-07
-3.030303030303029832e-01 1.619999999999999948e-07
-2.626262626262625410e-01 1.530000000000000068e-07
-2.222222222222220989e-01 1.500000000000000197e-07
-1.818181818181816567e-01 1.430000000000000232e-07
-1.414141414141412145e-01 1.370000000000000224e-07
-1.010101010101007724e-01 1.340000000000000088e-07
-6.060606060606055223e-02 1.310000000000000216e-07
-2.020202020202011006e-02 1.310000000000000216e-07
2.020202020202033211e-02 1.280000000000000080e-07
6.060606060606099632e-02 1.250000000000000208e-07
1.010101010101012164e-01 1.220000000000000072e-07
1.414141414141414366e-01 1.160000000000000064e-07
1.818181818181821008e-01 1.130000000000000060e-07
2.222222222222223209e-01 1.070000000000000052e-07
2.626262626262629851e-01 1.010000000000000044e-07
3.030303030303032052e-01 9.200000000000000325e-08
3.434343434343434254e-01 8.500000000000000674e-08
3.838383838383840896e-01 7.600000000000000556e-08
4.242424242424243097e-01 6.700000000000000438e-08
4.646464646464649739e-01 6.100000000000000359e-08
5.050505050505051940e-01 4.900000000000000202e-08
5.454545454545458583e-01 3.700000000000000706e-08
5.858585858585860784e-01 2.399999999999999984e-08
6.262626262626262985e-01 5.999999999999999960e-09
6.666666666666669627e-01 -5.999999999999999960e-09
7.070707070707071829e-01 -2.399999999999999984e-08
7.474747474747478471e-01 -4.300000000000000123e-08
7.878787878787880672e-01 -6.400000000000000399e-08
8.282828282828287314e-01 -7.900000000000001919e-08
8.686868686868689515e-01 -1.040000000000000048e-07
9.090909090909091717e-01 -1.280000000000000080e-07
9.494949494949498359e-01 -1.559999999999999940e-07
9.898989898989900560e-01 -1.799999999999999971e-07
1.030303030303030720e+00 -2.080000000000000096e-07
1.070707070707070940e+00 -2.380000000000000401e-07
1.111111111111111160e+00 -2.660000000000000261e-07
1.151515151515151825e+00 -2.960000000000000565e-07
1.191919191919192045e+00 -3.300000000000000168e-07
1.232323232323232709e+00 -3.660000000000000216e-07
1.272727272727272929e+00 -4.000000000000000348e-07
1.313131313131313593e+00 -4.430000000000000361e-07
1.353535353535353813e+00 -5.130000000000000011e-07
1.393939393939394034e+00 -5.250000000000000557e-07
1.434343434343434698e+00 -5.770000000000000448e-07
1.474747474747474918e+00 -6.130000000000001025e-07
1.515151515151515582e+00 -6.619999999999999722e-07
1.555555555555555802e+00 -7.230000000000001081e-07
1.595959595959596466e+00 -7.780000000000000050e-07
1.636363636363636687e+00 -8.269999999999999806e-07
1.676767676767676907e+00 -8.910000000000000243e-07
1.717171717171717571e+00 -9.490000000000000407e-07
1.757575757575757791e+00 -1.013000000000000084e-06
1.797979797979798455e+00 -1.074000000000000009e-06
1.838383838383838675e+00 -1.126000000000000104e-06
1.878787878787878896e+00 -1.151000000000000076e-06
1.919191919191919560e+00 -1.184000000000000226e-06
1.959595959595959780e+00 -1.239000000000000123e-06
2.000000000000000000e+00 -1.279000000000000163e-06
