-2.000000000000000000e+00 5.580000000000000997e-07
-1.959595959595959558e+00 5.099999999999999875e-07
-1.919191919191919116e+00 4.760000000000000801e-07
-1.878787878787878896e+00 4.490000000000000633e-07
-1.838383838383838453e+00 4.270000000000000516e-07
-1.797979797979798011e+00 4.060000000000000092e-07
-1.757575757575757569e+00 3.880000000000000333e-07
-1.717171717171717127e+00 3.690000000000000352e-07
-1.676767676767676685e+00 3.510000000000000064e-07
-1.636363636363636243e+00 3.359999999999999911e-07
-1.595959595959596022e+00 3.230000000000000733e-07
-1.555555555555555580e+00 3.080000000000000581e-07
-1.515151515151515138e+00 2.930000000000000429e-07
-1.474747474747474696e+00 2.810000000000000413e-07
-1.434343434343434254e+00 2.690000000000000397e-07
-1.393939393939394034e+00 2.590000000000000296e-07
-1.353535353535353369e+00 2.470000000000000280e-07
-1.313131313131313149e+00 2.380000000000000401e-07
-1.272727272727272707e+00 2.290000000000000256e-07
-1.232323232323232265e+00 2.200000000000000112e-07
-1.191919191919191823e+00 2.110000000000000233e-07
-1.151515151515151381e+00 2.010000000000000131e-07
-1.111111111111111160e+00 1.950000000000000124e-07
-1.070707070707070496e+00 1.890000000000000116e-07
-1.030303030303030276e+00 1.830000000000000108e-07
-9.898989898989898339e-01 1.770000000000000100e-07
-9.494949494949493918e-01 1.710000000000000092e-07
-9.090909090909089496e-01 1.679999999999999956e-07
-8.686868686868685074e-01 1.619999999999999948e-07
-8.282828282828282873e-01 1.590000000000000341e-07
-7.878787878787878451e-01 1.530000000000000068e-07
-7.474747474747474030e-01 1.500000000000000197e-07
-7.070707070707069608e-01 1.460000000000000103e-07
-6.666666666666665186e-01 1.430000000000000232e-07
-6.262626262626260765e-01 1.430000000000000232e-07
-5.858585858585856343e-01 1.400000000000000095e-07
-5.454545454545454142e-01 1.370000000000000224e-07
-5.050505050505049720e-01 1.340000000000000088e-07
-4.646464646464645298e-01 1.340000000000000088e-07
-4.242424242424240877e-01 1.340000000000000088e-07
-3.838383838383836455e-01 1.310000000000000216e-07
-3.434343434343432033e-01 1.310000000000000216e-07
-3.030303030303029832e-01 1.310000000000000216e-07
-2.626262626262625410e-01 1.280000000000000080e-07
-2.222222222222220989e-01 1.280000000000000080e-07
-1.818181818181816567e-01 1.310000000000000216e-07
-1.414141414141412145e-01 1.280000000000000080e-07
-1.010101010101007724e-01 1.280000000000000080e-07
-6.060606060606055223e-02 1.310000000000000216e-07
-2.020202020202011006e-02 1.310000000000000216e-07
2.020202020202033211e-02 1.280000000000000080e-07
6.060606060606099632e-02 1.280000000000000080e-07
1.010101010101012164e-01 1.280000000000000080e-07
1.414141414141414366e-01 1.280000000000000080e-07
1.818181818181821008e-01 1.280000000000000080e-07
2.222222222222223209e-01 1.280000000000000080e-07
2.626262626262629851e-01 1.280000000000000080e-07
3.030303030303032052e-01 1.280000000000000080e-07
3.434343434343434254e-01 1.280000000000000080e-07
3.838383838383840896e-01 1.280000000000000080e-07
4.242424242424243097e-01 1.280000000000000080e-07
4.646464646464649739e-01 1.250000000000000208e-07
5.050505050505051940e-01 1.250000000000000208e-07
5.454545454545458583e-01 1.250000000000000208e-07
5.858585858585860784e-01 1.220000000000000072e-07
6.262626262626262985e-01 1.220000000000000072e-07
6.666666666666669627e-01 1.220000000000000072e-07
7.070707070707071829e-01 1.190000000000000200e-07
7.474747474747478471e-01 1.190000000000000200e-07
7.878787878787880672e-01 1.160000000000000064e-07
8.282828282828287314e-01 1.130000000000000060e-07
8.686868686868689515e-01 1.130000000000000060e-07
9.090909090909091717e-01 1.100000000000000056e-07
9.494949494949498359e-01 1.070000000000000052e-07
9.898989898989900560e-01 1.040000000000000048e-07
1.030303030303030720e+00 1.010000000000000044e-07
1.070707070707070940e+00 9.800000000000000404e-08
1.111111111111111160e+00 9.200000000000000325e-08
1.151515151515151825e+00 8.900000000000000285e-08
1.191919191919192045e+00 8.200000000000001958e-08
1.232323232323232709e+00 7.600000000000000556e-08
1.272727272727272929e+00 7.000000000000000477e-08
1.313131313131313593e+00 6.400000000000000399e-08
1.353535353535353813e+00 5.500000000000000281e-08
1.393939393939394034e+00 4.900000000000000202e-08
1.434343434343434698e+00 4.000000000000000084e-08
1.474747474747474918e+00 2.700000000000000354e-08
1.515151515151515582e+00 1.800000000000000236e-08
1.555555555555555802e+00 5.999999999999999960e-09
1.595959595959596466e+00 -5.999999999999999960e-09
1.636363636363636687e+00 -1.800000000000000236e-08
1.676767676767676907e+00 -3.099999999999999966e-08
1.717171717171717571e+00 -4.600000000000000162e-08
1.757575757575757791e+00 -6.100000000000000359e-08
1.797979797979798455e+00 -7.300000000000000517e-08
1.838383838383838675e+00 -8.900000000000000285e-08
1.878787878787878896e+00 -1.040000000000000048e-07
1.919191919191919560e+00 -1.190000000000000200e-07
1.959595959595959780e+00 -1.310000000000000216e-07
2.000000000000000000e+00 -1.430000000000000232e-07
