-2.000000000000000000e+00 3.010600000000000025e-06
-1.959595959595959558e+00 3.015399999999999962e-06
-1.919191919191919116e+00 2.894599999999999781e-06
-1.878787878787878896e+00 2.768200000000000025e-06
-1.838383838383838453e+00 2.657499999999999967e-06
-1.797979797979798011e+00 2.546999999999999924e-06
-1.757575757575757569e+00 2.438699999999999623e-06
-1.717171717171717127e+00 2.317499999999999834e-06
-1.676767676767676685e+00 2.196000000000000235e-06
-1.636363636363636243e+00 2.082199999999999732e-06
-1.595959595959596022e+00 1.980299999999999912e-06
-1.555555555555555580e+00 1.876499999999999948e-06
-1.515151515151515138e+00 1.771200000000000084e-06
-1.474747474747474696e+00 1.668399999999999984e-06
-1.434343434343434254e+00 1.569199999999999943e-06
-1.393939393939394034e+00 1.471600000000000022e-06
-1.353535353535353369e+00 1.376999999999999903e-06
-1.313131313131313149e+00 1.283899999999999896e-06
-1.272727272727272707e+00 1.205099999999999905e-06
-1.232323232323232265e+00 1.119699999999999842e-06
-1.191919191919191823e+00 1.041600000000000115e-06
-1.151515151515151381e+00 9.613000000000000119e-07
-1.111111111111111160e+00 8.786000000000000456e-07
-1.070707070707070496e+00 8.098999999999999664e-07
-1.030303030303030276e+00 7.488999999999999364e-07
-9.898989898989898339e-01 6.878999999999999063e-07
-9.494949494949493918e-01 6.240999999999999835e-07
-9.090909090909089496e-01 5.652000000000000053e-07
-8.686868686868685074e-01 5.123999999999999561e-07
-8.282828282828282873e-01 4.619999999999999812e-07
-7.878787878787878451e-01 4.043999999999999419e-07
-7.474747474747474030e-01 3.679999999999999601e-07
-7.070707070707069608e-01 3.237999999999999745e-07
-6.666666666666665186e-01 2.852999999999999938e-07
-6.262626262626260765e-01 2.492999999999999890e-07
-5.858585858585856343e-01 2.208999999999999994e-07
-5.454545454545454142e-01 1.938000000000000016e-07
-5.050505050505049720e-01 1.700000000000000135e-07
-4.646464646464645298e-01 1.482999999999999714e-07
-4.242424242424240877e-01 1.297000000000000033e-07
-3.838383838383836455e-01 1.137999999999999867e-07
-3.434343434343432033e-01 9.800000000000000404e-08
-3.030303030303029832e-01 8.239999999999999669e-08
-2.626262626262625410e-01 6.959999999999998796e-08
-2.222222222222220989e-01 5.800000000000000320e-08
-1.818181818181816567e-01 4.760000000000000272e-08
-1.414141414141412145e-01 3.850000000000000064e-08
-1.010101010101007724e-01 2.989999999999999642e-08
-6.060606060606055223e-02 2.229999999999999785e-08
-2.020202020202011006e-02 1.499999999999999866e-08
2.020202020202033211e-02 7.600000000000000225e-09
6.060606060606099632e-02 2.999999999999999463e-10
1.010101010101012164e-01 -7.899999999999999603e-09
1.414141414141414366e-01 -1.679999999999999823e-08
1.818181818181821008e-01 -2.689999999999999934e-08
2.222222222222223209e-01 -3.749999999999999830e-08
2.626262626262629851e-01 -4.970000000000000167e-08
3.030303030303032052e-01 -6.099999999999999036e-08
3.434343434343434254e-01 -7.539999999999998695e-08
3.838383838383840896e-01 -9.119999999999999608e-08
4.242424242424243097e-01 -1.088999999999999891e-07
4.646464646464649739e-01 -1.281999999999999965e-07
5.050505050505051940e-01 -1.482999999999999714e-07
5.454545454545458583e-01 -1.709000000000000017e-07
5.858585858585860784e-01 -2.056999999999999957e-07
6.262626262626262985e-01 -2.312999999999999867e-07
6.666666666666669627e-01 -2.594000000000000067e-07
7.070707070707071829e-01 -2.889999999999999541e-07
7.474747474747478471e-01 -3.200999999999999613e-07
7.878787878787880672e-01 -3.524999999999999602e-07
8.282828282828287314e-01 -3.887999999999999875e-07
8.686868686868689515e-01 -4.232999999999999854e-07
9.090909090909091717e-01 -4.613999999999999361e-07
9.494949494949498359e-01 -5.048000000000000204e-07
9.898989898989900560e-01 -5.465999999999999844e-07
1.030303030303030720e+00 -5.898999999999999552e-07
1.070707070707070940e+00 -6.366000000000000756e-07
1.111111111111111160e+00 -6.851000000000000136e-07
1.151515151515151825e+00 -7.332999999999999290e-07
1.191919191919192045e+00 -7.848999999999999940e-07
1.232323232323232709e+00 -8.386000000000000050e-07
1.272727272727272929e+00 -8.925999999999999327e-07
1.313131313131313593e+00 -9.560999999999998330e-07
1.353535353535353813e+00 -1.019300000000000134e-06
1.393939393939394034e+00 -1.083399999999999868e-06
1.434343434343434698e+00 -1.157799999999999952e-06
1.474747474747474918e+00 -1.232299999999999831e-06
1.515151515151515582e+00 -1.308899999999999869e-06
1.555555555555555802e+00 -1.384899999999999861e-06
1.595959595959596466e+00 -1.464799999999999935e-06
1.636363636363636687e+00 -1.561900000000000030e-06
1.676767676767676907e+00 -1.636399999999999909e-06
1.717171717171717571e+00 -1.725200000000000016e-06
1.757575757575757791e+00 -1.821299999999999825e-06
1.797979797979798455e+00 -1.914700000000000066e-06
1.838383838383838675e+00 -2.007400000000000042e-06
1.878787878787878896e+00 -2.095599999999999892e-06
1.919191919191919560e+00 -2.191799999999999920e-06
1.959595959595959780e+00 -2.305899999999999810e-06
2.000000000000000000e+00 -2.405400000000000297e-06
