-2.000000000000000000e+00 7.299999999999999987e-07
-1.959595959595959558e+00 7.613999999999999226e-07
-1.919191919191919116e+00 7.458000000000000211e-07
-1.878787878787878896e+00 7.256999999999999933e-07
-1.838383838383838453e+00 7.049999999999999205e-07
-1.797979797979798011e+00 6.878999999999999063e-07
-1.757575757575757569e+00 6.646999999999999633e-07
-1.717171717171717127e+00 6.460999999999999423e-07
-1.676767676767676685e+00 6.240999999999999835e-07
-1.636363636363636243e+00 6.024000000000000473e-07
-1.595959595959596022e+00 5.828999999999999587e-07
-1.555555555555555580e+00 5.605999999999999774e-07
-1.515151515151515138e+00 5.410999999999999947e-07
-1.474747474747474696e+00 5.179000000000000516e-07
-1.434343434343434254e+00 4.964999999999999262e-07
-1.393939393939394034e+00 4.714999999999999538e-07
-1.353535353535353369e+00 4.619999999999999812e-07
-1.313131313131313149e+00 4.278999999999999604e-07
-1.272727272727272707e+00 4.070999999999999859e-07
-1.232323232323232265e+00 3.957999999999999840e-07
-1.191919191919191823e+00 3.695999999999999744e-07
-1.151515151515151381e+00 3.469999999999999705e-07
-1.111111111111111160e+00 3.246999999999999892e-07
-1.070707070707070496e+00 3.052000000000000065e-07
-1.030303030303030276e+00 2.816999999999999880e-07
-9.898989898989898339e-01 2.609000000000000135e-07
-9.494949494949493918e-01 2.398999999999999710e-07
-9.090909090909089496e-01 2.196999999999999887e-07
-8.686868686868685074e-01 2.007999999999999981e-07
-8.282828282828282873e-01 1.830999999999999918e-07
-7.878787878787878451e-01 1.665999999999999963e-07
-7.474747474747474030e-01 1.494999999999999821e-07
-7.070707070707069608e-01 1.333999999999999902e-07
-6.666666666666665186e-01 1.184000000000000014e-07
-6.262626262626260765e-01 1.044000000000000084e-07
-5.858585858585856343e-01 9.089999999999998678e-08
-5.454545454545454142e-01 7.749999999999999914e-08
-5.050505050505049720e-01 6.529999999999999577e-08
-4.646464646464645298e-01 5.459999999999999922e-08
-4.242424242424240877e-01 4.549999999999999715e-08
-3.838383838383836455e-01 3.749999999999999830e-08
-3.434343434343432033e-01 3.110000000000000055e-08
-3.030303030303029832e-01 2.589999999999999700e-08
-2.626262626262625410e-01 2.229999999999999785e-08
-2.222222222222220989e-01 1.919999999999999656e-08
-1.818181818181816567e-01 1.679999999999999823e-08
-1.414141414141412145e-01 1.499999999999999866e-08
-1.010101010101007724e-01 1.339999999999999922e-08
-6.060606060606055223e-02 1.249999999999999943e-08
-2.020202020202011006e-02 1.159999999999999799e-08
2.020202020202033211e-02 1.129999999999999862e-08
6.060606060606099632e-02 1.039999999999999883e-08
1.010101010101012164e-01 9.499999999999999041e-09
1.414141414141414366e-01 7.600000000000000225e-09
1.818181818181821008e-01 5.799999999999998996e-09
2.222222222222223209e-01 3.099999999999999635e-09
2.626262626262629851e-01 2.999999999999999463e-10
3.030303030303032052e-01 -3.099999999999999635e-09
3.434343434343434254e-01 -6.999999999999999816e-09
3.838383838383840896e-01 -1.190000000000000068e-08
4.242424242424243097e-01 -1.710000000000000092e-08
4.646464646464649739e-01 -2.349999999999999867e-08
5.050505050505051940e-01 -3.049999999999999518e-08
5.454545454545458583e-01 -3.850000000000000064e-08
5.858585858585860784e-01 -4.730000000000000003e-08
6.262626262626262985e-01 -5.679999999999999907e-08
6.666666666666669627e-01 -6.709999999999999866e-08
7.070707070707071829e-01 -7.899999999999999272e-08
7.474747474747478471e-01 -9.159999999999999967e-08
7.878787878787880672e-01 -1.052999999999999966e-07
8.282828282828287314e-01 -1.195999999999999857e-07
8.686868686868689515e-01 -1.360999999999999812e-07
9.090909090909091717e-01 -1.522999999999999807e-07
9.494949494949498359e-01 -1.709000000000000017e-07
9.898989898989900560e-01 -1.892000000000000001e-07
1.030303030303030720e+00 -2.083999999999999868e-07
1.070707070707070940e+00 -2.273999999999999848e-07
1.111111111111111160e+00 -2.469000000000000205e-07
1.151515151515151825e+00 -2.599999999999999988e-07
1.191919191919192045e+00 -2.761999999999999983e-07
1.232323232323232709e+00 -2.929999999999999899e-07
1.272727272727272929e+00 -3.109999999999999658e-07
1.313131313131313593e+00 -3.332999999999999471e-07
1.353535353535353813e+00 -3.576999999999999803e-07
1.393939393939394034e+00 -3.844999999999999821e-07
1.434343434343434698e+00 -4.131999999999999677e-07
1.474747474747474918e+00 -4.449000000000000200e-07
1.515151515151515582e+00 -4.779000000000000111e-07
1.555555555555555802e+00 -5.243000000000000031e-07
1.595959595959596466e+00 -5.434999999999999632e-07
1.636363636363636687e+00 -5.788999999999999758e-07
1.676767676767676907e+00 -6.154999999999999727e-07
1.717171717171717571e+00 -6.545999999999999456e-07
1.757575757575757791e+00 -6.926999999999999493e-07
1.797979797979798455e+00 -7.338999999999999741e-07
1.838383838383838675e+00 -7.766999999999999074e-07
1.878787878787878896e+00 -8.203000000000000066e-07
1.919191919191919560e+00 -8.645999999999999467e-07
1.959595959595959780e+00 -9.182999999999999577e-07
2.000000000000000000e+00 -9.777999999999999810e-07
