-2.000000000000000000e+00 2.793000000000000194e-06
-1.959595959595959558e+00 2.781999999999999792e-06
-1.919191919191919116e+00 2.674299999999999959e-06
-1.878787878787878896e+00 2.567400000000000186e-06
-1.838383838383838453e+00 2.459099999999999885e-06
-1.797979797979798011e+00 2.356599999999999595e-06
-1.757575757575757569e+00 2.253399999999999889e-06
-1.717171717171717127e+00 2.150299999999999978e-06
-1.676767676767676685e+00 2.042800000000000160e-06
-1.636363636363636243e+00 1.947599999999999784e-06
-1.595959595959596022e+00 1.836199999999999885e-06
-1.555555555555555580e+00 1.737399999999999874e-06
-1.515151515151515138e+00 1.639999999999999756e-06
-1.474747474747474696e+00 1.542100000000000025e-06
-1.434343434343434254e+00 1.450799999999999942e-06
-1.393939393939394034e+00 1.350999999999999855e-06
-1.353535353535353369e+00 1.264599999999999929e-06
-1.313131313131313149e+00 1.178900000000000055e-06
-1.272727272727272707e+00 1.115999999999999988e-06
-1.232323232323232265e+00 1.037600000000000027e-06
-1.191919191919191823e+00 9.564000000000000673e-07
-1.151515151515151381e+00 8.834999999999998843e-07
-1.111111111111111160e+00 8.098999999999999664e-07
-1.070707070707070496e+00 7.433999999999999467e-07
-1.030303030303030276e+00 6.765999999999999044e-07
-9.898989898989898339e-01 6.189000000000000164e-07
-9.494949494949493918e-01 5.584999999999999255e-07
-9.090909090909089496e-01 5.068999999999999664e-07
-8.686868686868685074e-01 4.549999999999999847e-07
-8.282828282828282873e-01 4.091999999999999849e-07
-7.878787878787878451e-01 3.649999999999999994e-07
-7.474747474747474030e-01 3.256000000000000039e-07
-7.070707070707069608e-01 2.868999999999999551e-07
-6.666666666666665186e-01 2.572999999999999548e-07
-6.262626262626260765e-01 2.288999999999999917e-07
-5.858585858585856343e-01 1.998999999999999834e-07
-5.454545454545454142e-01 1.773000000000000061e-07
-5.050505050505049720e-01 1.547000000000000022e-07
-4.646464646464645298e-01 1.360999999999999812e-07
-4.242424242424240877e-01 1.140999999999999828e-07
-3.838383838383836455e-01 1.010000000000000044e-07
-3.434343434343432033e-01 8.580000000000000067e-08
-3.030303030303029832e-01 7.259999999999998835e-08
-2.626262626262625410e-01 6.099999999999999036e-08
-2.222222222222220989e-01 5.069999999999999739e-08
-1.818181818181816567e-01 4.150000000000000103e-08
-1.414141414141412145e-01 3.330000000000000040e-08
-1.010101010101007724e-01 2.659999999999999665e-08
-6.060606060606055223e-02 2.009999999999999801e-08
-2.020202020202011006e-02 1.429999999999999901e-08
2.020202020202033211e-02 8.500000000000000012e-09
6.060606060606099632e-02 2.700000000000000189e-09
1.010101010101012164e-01 -4.000000000000000249e-09
1.414141414141414366e-01 -1.159999999999999799e-08
1.818181818181821008e-01 -2.009999999999999801e-08
2.222222222222223209e-01 -2.989999999999999642e-08
2.626262626262629851e-01 -3.969999999999999815e-08
3.030303030303032052e-01 -5.190000000000000152e-08
3.434343434343434254e-01 -6.529999999999999577e-08
3.838383838383840896e-01 -7.779999999999999521e-08
4.242424242424243097e-01 -9.309999999999999325e-08
4.646464646464649739e-01 -1.102000000000000074e-07
5.050505050505051940e-01 -1.253999999999999979e-07
5.454545454545458583e-01 -1.456000000000000068e-07
5.858585858585860784e-01 -1.685000000000000067e-07
6.262626262626262985e-01 -1.925999999999999909e-07
6.666666666666669627e-01 -2.175999999999999897e-07
7.070707070707071829e-01 -2.454000000000000137e-07
7.474747474747478471e-01 -2.736999999999999693e-07
7.878787878787880672e-01 -3.020999999999999854e-07
8.282828282828287314e-01 -3.380999999999999901e-07
8.686868686868689515e-01 -3.729000000000000105e-07
9.090909090909091717e-01 -4.253999999999999843e-07
9.494949494949498359e-01 -4.675000000000000238e-07
9.898989898989900560e-01 -5.086999999999999957e-07
1.030303030303030720e+00 -5.538999999999998975e-07
1.070707070707070940e+00 -5.963000000000000125e-07
1.111111111111111160e+00 -6.405999999999999526e-07
1.151515151515151825e+00 -6.997999999999999533e-07
1.191919191919192045e+00 -7.503999999999999432e-07
1.232323232323232709e+00 -8.077999999999999145e-07
1.272727272727272929e+00 -8.666999999999999986e-07
1.313131313131313593e+00 -9.240999999999999699e-07
1.353535353535353813e+00 -9.835999999999999932e-07
1.393939393939394034e+00 -1.058299999999999888e-06
1.434343434343434698e+00 -1.126999999999999967e-06
1.474747474747474918e+00 -1.196299999999999879e-06
1.515151515151515582e+00 -1.266499999999999860e-06
1.555555555555555802e+00 -1.336400000000000029e-06
1.595959595959596466e+00 -1.406900000000000032e-06
1.636363636363636687e+00 -1.497500000000000062e-06
1.676767676767676907e+00 -1.573800000000000077e-06
1.717171717171717571e+00 -1.659899999999999769e-06
1.757575757575757791e+00 -1.747700000000000013e-06
1.797979797979798455e+00 -1.850299999999999886e-06
1.838383838383838675e+00 -1.937599999999999880e-06
1.878787878787878896e+00 -2.043200000000000190e-06
1.919191919191919560e+00 -2.145700000000000056e-06
1.959595959595959780e+00 -2.232699999999999816e-06
2.000000000000000000e+00 -2.305299999999999765e-06
