-3.000000000000000000e+00 8.989999999999999900e-07
-2.877551020408163129e+00 5.593999999999999931e-07
-2.755102040816326703e+00 4.581000000000000058e-07
-2.632653061224489832e+00 3.942999999999999772e-07
-2.510204081632652962e+00 4.149999999999999442e-07
-2.387755102040816091e+00 4.015999999999999962e-07
-2.265306122448979664e+00 4.189999999999999800e-07
-2.142857142857142794e+00 3.188999999999999770e-07
-2.020408163265305923e+00 2.480999999999999518e-07
-1.897959183673469497e+00 2.813999999999999655e-07
-1.775510204081632626e+00 2.871999999999999777e-07
-1.653061224489795977e+00 2.099999999999999746e-07
-1.530612244897959329e+00 2.233999999999999755e-07
-1.408163265306122458e+00 1.720999999999999860e-07
-1.285714285714285809e+00 1.935000000000000055e-07
-1.163265306122448939e+00 2.005000000000000020e-07
-1.040816326530612290e+00 1.507999999999999739e-07
-9.183673469387754196e-01 1.369999999999999959e-07
-7.959183673469389930e-01 7.899999999999999272e-08
-6.734693877551021224e-01 4.119999999999999835e-08
-5.510204081632652517e-01 1.769999999999999968e-08
-4.285714285714288252e-01 7.319999999999999372e-08
-3.061224489795919546e-01 7.259999999999998835e-08
-1.836734693877550839e-01 5.129999999999999614e-08
-6.122448979591865736e-02 5.199999999999999414e-09
6.122448979591821328e-02 -7.170000000000000014e-08
1.836734693877550839e-01 0.000000000000000000e+00
3.061224489795919546e-01 -3.689999999999999955e-08
4.285714285714283811e-01 -7.969999999999999237e-08
5.510204081632652517e-01 -1.394999999999999985e-07
6.734693877551021224e-01 -1.357999999999999852e-07
7.959183673469385489e-01 -1.616999999999999987e-07
9.183673469387754196e-01 -1.333999999999999902e-07
1.040816326530611846e+00 -1.150999999999999917e-07
1.163265306122449161e+00 -1.202000000000000043e-07
1.285714285714285587e+00 -1.446999999999999921e-07
1.408163265306122014e+00 -1.894999999999999962e-07
1.530612244897959329e+00 -1.819000000000000075e-07
1.653061224489795755e+00 -1.816000000000000115e-07
1.775510204081632182e+00 -2.471999999999999901e-07
1.897959183673469497e+00 -2.417000000000000004e-07
2.020408163265305923e+00 -2.504999999999999733e-07
2.142857142857142350e+00 -3.789999999999999924e-07
2.265306122448979664e+00 -3.866999999999999885e-07
2.387755102040816091e+00 -3.771999999999999630e-07
2.510204081632652517e+00 -3.594999999999999567e-07
2.632653061224489832e+00 -3.338999999999999393e-07
2.755102040816326259e+00 -4.232999999999999854e-07
2.877551020408162685e+00 -4.467999999999999510e-07
3.000000000000000000e+00 -4.630000000000000034e-07
