-2.000000000000000000e+00 5.001999999999999924e-07
-1.918367346938775420e+00 4.046999999999999644e-07
-1.836734693877551061e+00 3.060999999999999683e-07
-1.755102040816326481e+00 2.331999999999999706e-07
-1.673469387755102122e+00 1.794000000000000050e-07
-1.591836734693877542e+00 1.446999999999999921e-07
-1.510204081632652962e+00 1.424999999999999856e-07
-1.428571428571428603e+00 1.088999999999999891e-07
-1.346938775510204245e+00 1.006999999999999951e-07
-1.265306122448979664e+00 9.339999999999998931e-08
-1.183673469387755084e+00 8.419999999999999958e-08
-1.102040816326530726e+00 9.429999999999999076e-08
-1.020408163265306145e+00 7.899999999999999272e-08
-9.387755102040817867e-01 6.499999999999999971e-08
-8.571428571428572063e-01 7.170000000000000014e-08
-7.755102040816328479e-01 6.769999999999999080e-08
-6.938775510204082675e-01 6.679999999999998935e-08
-6.122448979591836871e-01 6.290000000000000075e-08
-5.306122448979593287e-01 5.979999999999999285e-08
-4.489795918367347483e-01 5.579999999999999673e-08
-3.673469387755103899e-01 5.279999999999999634e-08
-2.857142857142858094e-01 5.040000000000000132e-08
-2.040816326530614511e-01 4.730000000000000003e-08
-1.224489795918368706e-01 4.459999999999999571e-08
-4.081632653061229021e-02 5.649999999999999638e-08
4.081632653061229021e-02 3.909999999999999940e-08
1.224489795918364266e-01 3.629999999999999418e-08
2.040816326530610070e-01 3.509999999999999666e-08
2.857142857142855874e-01 2.929999999999999767e-08
3.673469387755101678e-01 2.779999999999999747e-08
4.489795918367343042e-01 2.529999999999999825e-08
5.306122448979588846e-01 2.139999999999999641e-08
6.122448979591834650e-01 1.769999999999999968e-08
6.938775510204080454e-01 1.399999999999999963e-08
7.755102040816326259e-01 9.199999999999999663e-09
8.571428571428567622e-01 4.299999999999999627e-09
9.387755102040813426e-01 -2.099999999999999779e-09
1.020408163265305923e+00 -8.500000000000000012e-09
1.102040816326530503e+00 -1.619999999999999948e-08
1.183673469387754640e+00 -2.589999999999999700e-08
1.265306122448979220e+00 -3.689999999999999955e-08
1.346938775510203801e+00 -5.399999999999999385e-08
1.428571428571428381e+00 -7.749999999999999914e-08
1.510204081632652962e+00 -1.092999999999999927e-07
1.591836734693877098e+00 -1.547000000000000022e-07
1.673469387755101678e+00 -2.139000000000000029e-07
1.755102040816326259e+00 -2.911000000000000060e-07
1.836734693877550839e+00 -3.902999999999999414e-07
1.918367346938775420e+00 -5.096000000000000633e-07
2.000000000000000000e+00 -6.488000000000000393e-07
