-2.000000000000000000e+00 1.663000000000000002e-07
-1.918367346938775420e+00 1.696999999999999909e-07
-1.836734693877551061e+00 1.668999999999999923e-07
-1.755102040816326481e+00 1.494999999999999821e-07
-1.673469387755102122e+00 1.459000000000000028e-07
-1.591836734693877542e+00 1.259999999999999901e-07
-1.510204081632652962e+00 1.165999999999999853e-07
-1.428571428571428603e+00 9.489999999999999613e-08
-1.346938775510204245e+00 9.800000000000000404e-08
-1.265306122448979664e+00 9.769999999999999473e-08
-1.183673469387755084e+00 7.720000000000000307e-08
-1.102040816326530726e+00 7.259999999999998835e-08
-1.020408163265306145e+00 7.749999999999999914e-08
-9.387755102040817867e-01 7.869999999999999665e-08
-8.571428571428572063e-01 6.039999999999999822e-08
-7.755102040816328479e-01 4.909999999999999630e-08
-6.938775510204082675e-01 4.390000000000000267e-08
-6.122448979591836871e-01 4.119999999999999835e-08
-5.306122448979593287e-01 3.509999999999999666e-08
-4.489795918367347483e-01 4.489999999999999839e-08
-3.673469387755103899e-01 2.589999999999999700e-08
-2.857142857142858094e-01 3.939999999999999546e-08
-2.040816326530614511e-01 3.719999999999999562e-08
-1.224489795918368706e-01 2.529999999999999825e-08
-4.081632653061229021e-02 1.280000000000000047e-08
4.081632653061229021e-02 2.199999999999999848e-08
1.224489795918364266e-01 7.899999999999999603e-09
2.040816326530610070e-01 2.009999999999999801e-08
2.857142857142855874e-01 2.169999999999999910e-08
3.673469387755101678e-01 1.859999999999999781e-08
4.489795918367343042e-01 1.829999999999999843e-08
5.306122448979588846e-01 1.309999999999999984e-08
6.122448979591834650e-01 8.200000000000000635e-09
6.938775510204080454e-01 -2.399999999999999570e-09
7.755102040816326259e-01 -6.999999999999999816e-09
8.571428571428567622e-01 1.199999999999999785e-09
9.387755102040813426e-01 5.499999999999999619e-09
1.020408163265305923e+00 2.700000000000000189e-09
1.102040816326530503e+00 -1.649999999999999886e-08
1.183673469387754640e+00 -1.679999999999999823e-08
1.265306122448979220e+00 -8.900000000000000285e-09
1.346938775510203801e+00 -9.799999999999998418e-09
1.428571428571428381e+00 -2.839999999999999954e-08
1.510204081632652962e+00 -3.539999999999999935e-08
1.591836734693877098e+00 -4.089999999999999566e-08
1.673469387755101678e+00 -4.730000000000000003e-08
1.755102040816326259e+00 -5.340000000000000171e-08
1.836734693877550839e+00 -6.260000000000000468e-08
1.918367346938775420e+00 -6.869999999999999975e-08
2.000000000000000000e+00 -7.259999999999998835e-08
