-2.000000000000000000e+00 1.504999999999999990e-06
-1.918367346938775420e+00 1.227000000000000068e-06
-1.836734693877551061e+00 1.111000000000000035e-06
-1.755102040816326481e+00 1.013000000000000084e-06
-1.673469387755102122e+00 9.520000000000001602e-07
-1.591836734693877542e+00 9.030000000000000788e-07
-1.510204081632652962e+00 8.640000000000001134e-07
-1.428571428571428603e+00 8.210000000000001651e-07
-1.346938775510204245e+00 7.810000000000001245e-07
-1.265306122448979664e+00 7.450000000000000669e-07
-1.183673469387755084e+00 7.020000000000000127e-07
-1.102040816326530726e+00 6.650000000000000917e-07
-1.020408163265306145e+00 6.230000000000001126e-07
-9.387755102040817867e-01 5.860000000000000857e-07
-8.571428571428572063e-01 5.460000000000000452e-07
-7.755102040816328479e-01 5.099999999999999875e-07
-6.938775510204082675e-01 4.670000000000000392e-07
-6.122448979591836871e-01 4.270000000000000516e-07
-5.306122448979593287e-01 3.910000000000000469e-07
-4.489795918367347483e-01 3.570000000000000336e-07
-3.673469387755103899e-01 3.230000000000000733e-07
-2.857142857142858094e-01 2.930000000000000429e-07
-2.040816326530614511e-01 2.620000000000000432e-07
-1.224489795918368706e-01 2.380000000000000401e-07
-4.081632653061229021e-02 2.170000000000000241e-07
4.081632653061229021e-02 1.950000000000000124e-07
1.224489795918364266e-01 1.799999999999999971e-07
2.040816326530610070e-01 1.590000000000000341e-07
2.857142857142855874e-01 1.460000000000000103e-07
3.673469387755101678e-01 1.370000000000000224e-07
4.489795918367343042e-01 1.220000000000000072e-07
5.306122448979588846e-01 1.130000000000000060e-07
6.122448979591834650e-01 1.040000000000000048e-07
6.938775510204080454e-01 1.070000000000000052e-07
7.755102040816326259e-01 1.130000000000000060e-07
8.571428571428567622e-01 1.100000000000000056e-07
9.387755102040813426e-01 1.040000000000000048e-07
1.020408163265305923e+00 9.200000000000000325e-08
1.102040816326530503e+00 7.600000000000000556e-08
1.183673469387754640e+00 5.200000000000000241e-08
1.265306122448979220e+00 2.399999999999999984e-08
1.346938775510203801e+00 -5.999999999999999960e-09
1.428571428571428381e+00 -4.600000000000000162e-08
1.510204081632652962e+00 -9.800000000000000404e-08
1.591836734693877098e+00 -1.500000000000000197e-07
1.673469387755101678e+00 -2.010000000000000131e-07
1.755102040816326259e+00 -2.870000000000000156e-07
1.836734693877550839e+00 -3.810000000000000368e-07
1.918367346938775420e+00 -4.850000000000000151e-07
2.000000000000000000e+00 -5.950000000000000207e-07
