-2.000000000000000000e+00 3.080000000000000581e-07
-1.918367346938775420e+00 2.960000000000000565e-07
-1.836734693877551061e+00 2.870000000000000156e-07
-1.755102040816326481e+00 2.780000000000000277e-07
-1.673469387755102122e+00 2.690000000000000397e-07
-1.591836734693877542e+00 2.590000000000000296e-07
-1.510204081632652962e+00 2.530000000000000023e-07
-1.428571428571428603e+00 2.440000000000000144e-07
-1.346938775510204245e+00 2.350000000000000264e-07
-1.265306122448979664e+00 2.260000000000000120e-07
-1.183673469387755084e+00 2.200000000000000112e-07
-1.102040816326530726e+00 2.110000000000000233e-07
-1.020408163265306145e+00 2.040000000000000268e-07
-9.387755102040817867e-01 1.950000000000000124e-07
-8.571428571428572063e-01 1.859999999999999979e-07
-7.755102040816328479e-01 1.799999999999999971e-07
-6.938775510204082675e-01 1.739999999999999964e-07
-6.122448979591836871e-01 1.679999999999999956e-07
-5.306122448979593287e-01 1.619999999999999948e-07
-4.489795918367347483e-01 1.590000000000000341e-07
-3.673469387755103899e-01 1.530000000000000068e-07
-2.857142857142858094e-01 1.460000000000000103e-07
-2.040816326530614511e-01 1.430000000000000232e-07
-1.224489795918368706e-01 1.400000000000000095e-07
-4.081632653061229021e-02 1.340000000000000088e-07
4.081632653061229021e-02 1.310000000000000216e-07
1.224489795918364266e-01 1.280000000000000080e-07
2.040816326530610070e-01 1.220000000000000072e-07
2.857142857142855874e-01 1.190000000000000200e-07
3.673469387755101678e-01 1.160000000000000064e-07
4.489795918367343042e-01 1.130000000000000060e-07
5.306122448979588846e-01 1.130000000000000060e-07
6.122448979591834650e-01 1.100000000000000056e-07
6.938775510204080454e-01 1.100000000000000056e-07
7.755102040816326259e-01 1.070000000000000052e-07
8.571428571428567622e-01 1.040000000000000048e-07
9.387755102040813426e-01 1.040000000000000048e-07
1.020408163265305923e+00 1.010000000000000044e-07
1.102040816326530503e+00 9.800000000000000404e-08
1.183673469387754640e+00 9.500000000000000364e-08
1.265306122448979220e+00 9.200000000000000325e-08
1.346938775510203801e+00 8.200000000000001958e-08
1.428571428571428381e+00 7.600000000000000556e-08
1.510204081632652962e+00 7.000000000000000477e-08
1.591836734693877098e+00 6.100000000000000359e-08
1.673469387755101678e+00 5.500000000000000281e-08
1.755102040816326259e+00 4.900000000000000202e-08
1.836734693877550839e+00 4.600000000000000162e-08
1.918367346938775420e+00 3.700000000000000706e-08
2.000000000000000000e+00 3.099999999999999966e-08
