-2.000000000000000000e+00 6.359400000000000549e-11
-1.918367346938775420e+00 2.211789999999999969e-10
-1.836734693877551061e+00 1.881529999999999912e-10
-1.755102040816326481e+00 2.051490000000000016e-10
-1.673469387755102122e+00 1.932119999999999890e-10
-1.591836734693877542e+00 2.210080000000000034e-10
-1.510204081632652962e+00 2.303299999999999946e-10
-1.428571428571428603e+00 2.116569999999999961e-10
-1.346938775510204245e+00 1.919610000000000105e-10
-1.265306122448979664e+00 2.299330000000000010e-10
-1.183673469387755084e+00 1.790859999999999904e-10
-1.102040816326530726e+00 2.303869999999999924e-10
-1.020408163265306145e+00 2.218319999999999894e-10
-9.387755102040817867e-01 2.032730000000000124e-10
-8.571428571428572063e-01 2.538640000000000241e-10
-7.755102040816328479e-01 2.438600000000000244e-10
-6.938775510204082675e-01 2.179389999999999905e-10
-6.122448979591836871e-01 1.926999999999999911e-10
-5.306122448979593287e-01 1.839460000000000129e-10
-4.489795918367347483e-01 2.119129999999999950e-10
-3.673469387755103899e-01 2.421549999999999770e-10
-2.857142857142858094e-01 1.907670000000000041e-10
-2.040816326530614511e-01 2.385169999999999943e-10
-1.224489795918368706e-01 2.025340000000000060e-10
-4.081632653061229021e-02 2.046370000000000038e-10
4.081632653061229021e-02 2.164610000000000035e-10
1.224489795918364266e-01 2.227129999999999991e-10
2.040816326530610070e-01 2.582980000000000111e-10
2.857142857142855874e-01 2.019659999999999931e-10
3.673469387755101678e-01 2.515910000000000156e-10
4.489795918367343042e-01 2.054330000000000081e-10
5.306122448979588846e-01 1.866750000000000042e-10
6.122448979591834650e-01 2.038409999999999995e-10
6.938775510204080454e-01 2.200990000000000120e-10
7.755102040816326259e-01 1.882090000000000063e-10
8.571428571428567622e-01 2.237369999999999947e-10
9.387755102040813426e-01 1.909379999999999976e-10
1.020408163265305923e+00 2.364700000000000116e-10
1.102040816326530503e+00 2.830819999999999847e-10
1.183673469387754640e+00 1.816160000000000065e-10
1.265306122448979220e+00 2.665970000000000152e-10
1.346938775510203801e+00 2.324340000000000010e-10
1.428571428571428381e+00 2.709180000000000151e-10
1.510204081632652962e+00 3.021249999999999777e-10
1.591836734693877098e+00 3.051370000000000186e-10
1.673469387755101678e+00 3.183249999999999838e-10
1.755102040816326259e+00 3.906300000000000252e-10
1.836734693877550839e+00 3.691999999999999762e-10
1.918367346938775420e+00 4.094449999999999752e-10
2.000000000000000000e+00 3.603889999999999742e-10
