-1.000000000000000000e+00 1.049999999999999961e-01
-9.591836734693877098e-01 9.160000000000000087e-02
-9.183673469387755306e-01 7.630000000000000671e-02
-8.775510204081632404e-01 6.679999999999999827e-02
-8.367346938775510612e-01 7.049999999999999323e-02
-7.959183673469387710e-01 7.660000000000000142e-02
-7.551020408163264808e-01 4.209999999999999853e-02
-7.142857142857143016e-01 5.220000000000000334e-02
-6.734693877551021224e-01 5.680000000000000326e-02
-6.326530612244898322e-01 8.179999999999999771e-02
-5.918367346938775420e-01 8.089999999999999969e-02
-5.510204081632653628e-01 6.679999999999999827e-02
-5.102040816326530726e-01 6.619999999999999496e-02
-4.693877551020408934e-01 6.529999999999999694e-02
-4.285714285714286031e-01 6.560000000000000553e-02
-3.877551020408164240e-01 5.920000000000000262e-02
-3.469387755102041337e-01 4.519999999999999712e-02
-3.061224489795918435e-01 3.939999999999999752e-02
-2.653061224489796643e-01 4.120000000000000051e-02
-2.244897959183673741e-01 2.929999999999999966e-02
-1.836734693877551949e-01 3.660000000000000059e-02
-1.428571428571429047e-01 2.440000000000000155e-02
-1.020408163265307255e-01 7.000000000000000146e-03
-6.122448979591843532e-02 6.700000000000000226e-03
-2.040816326530614511e-02 4.599999999999999922e-03
2.040816326530614511e-02 2.099999999999999870e-03
6.122448979591821328e-02 -7.900000000000000772e-03
1.020408163265305035e-01 -7.000000000000000146e-03
1.428571428571427937e-01 -3.570000000000000256e-02
1.836734693877550839e-01 -2.560000000000000123e-02
2.244897959183671521e-01 -4.299999999999999656e-02
2.653061224489794423e-01 -4.329999999999999821e-02
3.061224489795917325e-01 -2.290000000000000022e-02
3.469387755102040227e-01 -1.980000000000000163e-02
3.877551020408163129e-01 -2.139999999999999888e-02
4.285714285714283811e-01 -2.989999999999999949e-02
4.693877551020406713e-01 -3.169999999999999901e-02
5.102040816326529615e-01 -2.230000000000000038e-02
5.510204081632652517e-01 -2.290000000000000022e-02
5.918367346938773199e-01 -2.350000000000000006e-02
6.326530612244896101e-01 -2.719999999999999848e-02
6.734693877551019003e-01 -2.750000000000000014e-02
7.142857142857141906e-01 -3.020000000000000115e-02
7.551020408163264808e-01 -3.139999999999999736e-02
7.959183673469385489e-01 -3.780000000000000027e-02
8.367346938775508391e-01 -4.730000000000000177e-02
8.775510204081631294e-01 -4.580000000000000043e-02
9.183673469387754196e-01 -4.390000000000000152e-02
9.591836734693877098e-01 -4.150000000000000216e-02
1.000000000000000000e+00 -4.329999999999999821e-02
