-2.000000000000000000e+00 7.681000000000000024e-07
-1.918367346938775420e+00 5.944999999999999832e-07
-1.836734693877551061e+00 5.492999999999999755e-07
-1.755102040816326481e+00 5.041999999999999753e-07
-1.673469387755102122e+00 4.485999999999999803e-07
-1.591836734693877542e+00 4.117000000000000139e-07
-1.510204081632652962e+00 3.786999999999999698e-07
-1.428571428571428603e+00 3.491000000000000224e-07
-1.346938775510204245e+00 3.145999999999999716e-07
-1.265306122448979664e+00 2.780000000000000277e-07
-1.183673469387755084e+00 2.548000000000000317e-07
-1.102040816326530726e+00 2.193999999999999926e-07
-1.020408163265306145e+00 1.970999999999999848e-07
-9.387755102040817867e-01 1.559000000000000130e-07
-8.571428571428572063e-01 1.366999999999999734e-07
-7.755102040816328479e-01 1.333999999999999902e-07
-6.938775510204082675e-01 9.520000000000000543e-08
-6.122448979591836871e-01 9.699999999999999508e-08
-5.306122448979593287e-01 7.630000000000000163e-08
-4.489795918367347483e-01 5.649999999999999638e-08
-3.673469387755103899e-01 2.719999999999999872e-08
-2.857142857142858094e-01 1.460000000000000004e-08
-2.040816326530614511e-01 4.000000000000000249e-09
-1.224489795918368706e-01 4.299999999999999627e-09
-4.081632653061229021e-02 -1.890000000000000049e-08
4.081632653061229021e-02 -4.150000000000000103e-08
1.224489795918364266e-01 -6.959999999999998796e-08
2.040816326530610070e-01 -8.359999999999999421e-08
2.857142857142855874e-01 -8.880000000000000106e-08
3.673469387755101678e-01 -1.217999999999999922e-07
4.489795918367343042e-01 -1.232999999999999990e-07
5.306122448979588846e-01 -1.580999999999999930e-07
6.122448979591834650e-01 -1.882999999999999854e-07
6.938775510204080454e-01 -2.059999999999999917e-07
7.755102040816326259e-01 -2.277000000000000074e-07
8.571428571428567622e-01 -2.368000000000000028e-07
9.387755102040813426e-01 -2.834999999999999644e-07
1.020408163265305923e+00 -3.024000000000000079e-07
1.102040816326530503e+00 -3.168000000000000310e-07
1.183673469387754640e+00 -3.274999999999999878e-07
1.265306122448979220e+00 -3.557999999999999964e-07
1.346938775510203801e+00 -3.835999999999999674e-07
1.428571428571428381e+00 -4.226999999999999933e-07
1.510204081632652962e+00 -4.440000000000000053e-07
1.591836734693877098e+00 -4.672000000000000013e-07
1.673469387755101678e+00 -5.020000000000000218e-07
1.755102040816326259e+00 -5.239999999999999805e-07
1.836734693877550839e+00 -5.636999999999999985e-07
1.918367346938775420e+00 -5.916999999999999846e-07
2.000000000000000000e+00 -6.209999999999999624e-07
