-2.000000000000000000e+00 4.775999999999999886e-07
-1.918367346938775420e+00 3.612999999999999861e-07
-1.836734693877551061e+00 2.654999999999999885e-07
-1.755102040816326481e+00 2.368000000000000028e-07
-1.673469387755102122e+00 1.671999999999999884e-07
-1.591836734693877542e+00 1.049999999999999873e-07
-1.510204081632652962e+00 9.610000000000000687e-08
-1.428571428571428603e+00 1.068000000000000034e-07
-1.346938775510204245e+00 5.429999999999999654e-08
-1.265306122448979664e+00 7.720000000000000307e-08
-1.183673469387755084e+00 5.489999999999999529e-08
-1.102040816326530726e+00 4.459999999999999571e-08
-1.020408163265306145e+00 4.359999999999999999e-08
-9.387755102040817867e-01 7.259999999999998835e-08
-8.571428571428572063e-01 6.900000000000000905e-08
-7.755102040816328479e-01 3.079999999999999787e-08
-6.938775510204082675e-01 6.039999999999999822e-08
-6.122448979591836871e-01 5.709999999999999514e-08
-5.306122448979593287e-01 7.600000000000000225e-09
-4.489795918367347483e-01 1.129999999999999862e-08
-3.673469387755103899e-01 -5.999999999999998926e-10
-2.857142857142858094e-01 3.879999999999999671e-08
-2.040816326530614511e-01 -4.000000000000000249e-09
-1.224489795918368706e-01 2.900000000000000160e-08
-4.081632653061229021e-02 2.839999999999999954e-08
4.081632653061229021e-02 6.100000000000000028e-09
1.224489795918364266e-01 -5.799999999999998996e-09
2.040816326530610070e-01 -1.009999999999999945e-08
2.857142857142855874e-01 9.199999999999999663e-09
3.673469387755101678e-01 -1.039999999999999883e-08
4.489795918367343042e-01 -2.689999999999999934e-08
5.306122448979588846e-01 -3.909999999999999940e-08
6.122448979591834650e-01 -4.390000000000000267e-08
6.938775510204080454e-01 -2.560000000000000093e-08
7.755102040816326259e-01 -2.960000000000000035e-08
8.571428571428567622e-01 -2.409999999999999743e-08
9.387755102040813426e-01 -7.349999999999998979e-08
1.020408163265305923e+00 -8.449999999999999565e-08
1.102040816326530503e+00 -9.029999999999999464e-08
1.183673469387754640e+00 -9.250000000000000111e-08
1.265306122448979220e+00 -1.217999999999999922e-07
1.346938775510203801e+00 -1.212000000000000000e-07
1.428571428571428381e+00 -1.333999999999999902e-07
1.510204081632652962e+00 -1.675000000000000109e-07
1.591836734693877098e+00 -2.263999999999999891e-07
1.673469387755101678e+00 -3.018000000000000158e-07
1.755102040816326259e+00 -3.698999999999999969e-07
1.836734693877550839e+00 -4.485999999999999803e-07
1.918367346938775420e+00 -5.858999999999999723e-07
2.000000000000000000e+00 -7.107999999999999327e-07
