-2.500000000000000000e+00 8.670000000000000211e-07
-2.397959183673469497e+00 5.370000000000000043e-07
-2.295918367346938993e+00 5.430000000000000315e-07
-2.193877551020408045e+00 4.970000000000000696e-07
-2.091836734693877542e+00 3.780000000000000231e-07
-1.989795918367347038e+00 3.599999999999999943e-07
-1.887755102040816313e+00 3.330000000000000834e-07
-1.785714285714285587e+00 3.570000000000000336e-07
-1.683673469387755084e+00 3.330000000000000834e-07
-1.581632653061224580e+00 3.270000000000000032e-07
-1.479591836734693855e+00 2.560000000000000159e-07
-1.377551020408163129e+00 2.840000000000000549e-07
-1.275510204081632626e+00 2.260000000000000120e-07
-1.173469387755102122e+00 2.140000000000000104e-07
-1.071428571428571397e+00 2.660000000000000261e-07
-9.693877551020406713e-01 1.890000000000000116e-07
-8.673469387755101678e-01 1.890000000000000116e-07
-7.653061224489796643e-01 2.140000000000000104e-07
-6.632653061224489388e-01 2.260000000000000120e-07
-5.612244897959182133e-01 2.040000000000000268e-07
-4.591836734693877098e-01 1.310000000000000216e-07
-3.571428571428572063e-01 1.650000000000000084e-07
-2.551020408163262587e-01 1.310000000000000216e-07
-1.530612244897957552e-01 1.400000000000000095e-07
-5.102040816326525174e-02 1.340000000000000088e-07
5.102040816326525174e-02 3.700000000000000706e-08
1.530612244897957552e-01 5.200000000000000241e-08
2.551020408163267028e-01 9.500000000000000364e-08
3.571428571428572063e-01 3.099999999999999966e-08
4.591836734693877098e-01 4.900000000000000202e-08
5.612244897959186574e-01 2.099999999999999945e-08
6.632653061224491609e-01 4.000000000000000084e-08
7.653061224489796643e-01 4.300000000000000123e-08
8.673469387755101678e-01 4.300000000000000123e-08
9.693877551020406713e-01 -6.700000000000000438e-08
1.071428571428571619e+00 1.199999999999999992e-08
1.173469387755102122e+00 -8.200000000000001958e-08
1.275510204081632626e+00 -8.900000000000000285e-08
1.377551020408163573e+00 -9.200000000000000325e-08
1.479591836734694077e+00 -1.130000000000000060e-07
1.581632653061224580e+00 -5.500000000000000281e-08
1.683673469387755084e+00 -1.460000000000000103e-07
1.785714285714285587e+00 -1.370000000000000224e-07
1.887755102040816091e+00 -1.100000000000000056e-07
1.989795918367347483e+00 -8.900000000000000285e-08
2.091836734693877986e+00 -1.010000000000000044e-07
2.193877551020408490e+00 -1.040000000000000048e-07
2.295918367346938993e+00 -1.919999999999999987e-07
2.397959183673469497e+00 -1.650000000000000084e-07
2.500000000000000000e+00 -1.530000000000000068e-07
