-2.000000000000000000e+00 2.501999999999999508e-07
-1.918367346938775420e+00 2.379999999999999871e-07
-1.836734693877551061e+00 2.190999999999999701e-07
-1.755102040816326481e+00 2.016999999999999863e-07
-1.673469387755102122e+00 1.784999999999999903e-07
-1.591836734693877542e+00 1.726999999999999781e-07
-1.510204081632652962e+00 1.476999999999999792e-07
-1.428571428571428603e+00 1.337000000000000127e-07
-1.346938775510204245e+00 1.238999999999999911e-07
-1.265306122448979664e+00 1.177999999999999960e-07
-1.183673469387755084e+00 1.073999999999999956e-07
-1.102040816326530726e+00 9.639999999999998971e-08
-1.020408163265306145e+00 8.759999999999999032e-08
-9.387755102040817867e-01 7.349999999999998979e-08
-8.571428571428572063e-01 6.769999999999999080e-08
-7.755102040816328479e-01 5.159999999999999883e-08
-6.938775510204082675e-01 4.849999999999999754e-08
-6.122448979591836871e-01 3.570000000000000204e-08
-5.306122448979593287e-01 3.450000000000000453e-08
-4.489795918367347483e-01 3.019999999999999911e-08
-3.673469387755103899e-01 2.689999999999999934e-08
-2.857142857142858094e-01 1.559999999999999741e-08
-2.040816326530614511e-01 2.169999999999999910e-08
-1.224489795918368706e-01 1.769999999999999968e-08
-4.081632653061229021e-02 1.649999999999999886e-08
4.081632653061229021e-02 6.400000000000000233e-09
1.224489795918364266e-01 1.199999999999999785e-09
2.040816326530610070e-01 1.199999999999999785e-09
2.857142857142855874e-01 1.799999999999999781e-09
3.673469387755101678e-01 4.299999999999999627e-09
4.489795918367343042e-01 -1.199999999999999785e-09
5.306122448979588846e-01 -8.500000000000000012e-09
6.122448979591834650e-01 -6.100000000000000028e-09
6.938775510204080454e-01 -3.099999999999999635e-09
7.755102040816326259e-01 -5.199999999999999414e-09
8.571428571428567622e-01 -1.159999999999999799e-08
9.387755102040813426e-01 -2.169999999999999910e-08
1.020408163265305923e+00 -1.399999999999999963e-08
1.102040816326530503e+00 -2.009999999999999801e-08
1.183673469387754640e+00 -2.380000000000000136e-08
1.265306122448979220e+00 -3.299999999999999771e-08
1.346938775510203801e+00 -3.629999999999999418e-08
1.428571428571428381e+00 -3.629999999999999418e-08
1.510204081632652962e+00 -3.659999999999999686e-08
1.591836734693877098e+00 -4.299999999999999461e-08
1.673469387755101678e+00 -5.889999999999999802e-08
1.755102040816326259e+00 -6.959999999999998796e-08
1.836734693877550839e+00 -7.140000000000000407e-08
1.918367346938775420e+00 -7.289999999999999765e-08
2.000000000000000000e+00 -7.689999999999999377e-08
