-2.000000000000000000e+00 3.649999999999999994e-07
-1.918367346938775420e+00 3.576999999999999803e-07
-1.836734693877551061e+00 3.145999999999999716e-07
-1.755102040816326481e+00 3.133999999999999873e-07
-1.673469387755102122e+00 2.480999999999999518e-07
-1.591836734693877542e+00 2.182000000000000083e-07
-1.510204081632652962e+00 2.545000000000000091e-07
-1.428571428571428603e+00 2.114999999999999814e-07
-1.346938775510204245e+00 1.678000000000000070e-07
-1.265306122448979664e+00 1.403999999999999867e-07
-1.183673469387755084e+00 1.922999999999999948e-07
-1.102040816326530726e+00 1.690999999999999988e-07
-1.020408163265306145e+00 1.671999999999999884e-07
-9.387755102040817867e-01 8.970000000000000251e-08
-8.571428571428572063e-01 1.290999999999999847e-07
-7.755102040816328479e-01 9.579999999999999757e-08
-6.938775510204082675e-01 6.260000000000000468e-08
-6.122448979591836871e-01 1.113999999999999917e-07
-5.306122448979593287e-01 9.800000000000000404e-08
-4.489795918367347483e-01 6.929999999999999189e-08
-3.673469387755103899e-01 2.749999999999999809e-08
-2.857142857142858094e-01 7.019999999999999333e-08
-2.040816326530614511e-01 9.499999999999999041e-09
-1.224489795918368706e-01 4.179999999999999710e-08
-4.081632653061229021e-02 1.559999999999999741e-08
4.081632653061229021e-02 -3.420000000000000184e-08
1.224489795918364266e-01 -4.699999999999999734e-08
2.040816326530610070e-01 -4.549999999999999715e-08
2.857142857142855874e-01 -1.799999999999999781e-09
3.673469387755101678e-01 -2.040000000000000069e-08
4.489795918367343042e-01 -4.999999999999999774e-08
5.306122448979588846e-01 -1.030999999999999901e-07
6.122448979591834650e-01 -8.060000000000000705e-08
6.938775510204080454e-01 -7.899999999999999272e-08
7.755102040816326259e-01 -8.359999999999999421e-08
8.571428571428567622e-01 -1.626999999999999944e-07
9.387755102040813426e-01 -1.616999999999999987e-07
1.020408163265305923e+00 -1.453000000000000107e-07
1.102040816326530503e+00 -1.833999999999999879e-07
1.183673469387754640e+00 -1.970999999999999848e-07
1.265306122448979220e+00 -2.157999999999999868e-07
1.346938775510203801e+00 -2.056999999999999957e-07
1.428571428571428381e+00 -1.668999999999999923e-07
1.510204081632652962e+00 -2.179000000000000123e-07
1.591836734693877098e+00 -1.943999999999999937e-07
1.673469387755101678e+00 -2.129999999999999882e-07
1.755102040816326259e+00 -2.664000000000000032e-07
1.836734693877550839e+00 -3.073000000000000055e-07
1.918367346938775420e+00 -2.575999999999999773e-07
2.000000000000000000e+00 -3.118999999999999805e-07
