-2.000000000000000000e+00 1.245000000000000150e-06
-1.918367346938775420e+00 1.169000000000000158e-06
-1.836734693877551061e+00 1.123000000000000090e-06
-1.755102040816326481e+00 1.086000000000000063e-06
-1.673469387755102122e+00 1.044000000000000084e-06
-1.591836734693877542e+00 1.019000000000000112e-06
-1.510204081632652962e+00 9.670000000000000166e-07
-1.428571428571428603e+00 9.400000000000001057e-07
-1.346938775510204245e+00 9.060000000000000924e-07
-1.265306122448979664e+00 8.540000000000001032e-07
-1.183673469387755084e+00 8.269999999999999806e-07
-1.102040816326530726e+00 7.900000000000000595e-07
-1.020408163265306145e+00 7.480000000000000805e-07
-9.387755102040817867e-01 7.080000000000000400e-07
-8.571428571428572063e-01 6.560000000000001567e-07
-7.755102040816328479e-01 6.100000000000000889e-07
-6.938775510204082675e-01 5.680000000000001098e-07
-6.122448979591836871e-01 5.280000000000000693e-07
-5.306122448979593287e-01 4.880000000000000287e-07
-4.489795918367347483e-01 4.490000000000000633e-07
-3.673469387755103899e-01 4.120000000000000364e-07
-2.857142857142858094e-01 3.810000000000000368e-07
-2.040816326530614511e-01 3.599999999999999943e-07
-1.224489795918368706e-01 3.200000000000000067e-07
-4.081632653061229021e-02 2.930000000000000429e-07
4.081632653061229021e-02 2.750000000000000140e-07
1.224489795918364266e-01 2.500000000000000416e-07
2.040816326530610070e-01 2.320000000000000128e-07
2.857142857142855874e-01 2.110000000000000233e-07
3.673469387755101678e-01 1.950000000000000124e-07
4.489795918367343042e-01 1.830000000000000108e-07
5.306122448979588846e-01 1.590000000000000341e-07
6.122448979591834650e-01 1.400000000000000095e-07
6.938775510204080454e-01 1.280000000000000080e-07
7.755102040816326259e-01 1.070000000000000052e-07
8.571428571428567622e-01 8.200000000000001958e-08
9.387755102040813426e-01 4.300000000000000123e-08
1.020408163265305923e+00 5.200000000000000241e-08
1.102040816326530503e+00 2.700000000000000354e-08
1.183673469387754640e+00 1.500000000000000197e-08
1.265306122448979220e+00 -2.999999999999999980e-09
1.346938775510203801e+00 -9.000000000000001181e-09
1.428571428571428381e+00 -9.000000000000001181e-09
1.510204081632652962e+00 -3.400000000000000005e-08
1.591836734693877098e+00 -5.800000000000000320e-08
1.673469387755101678e+00 -8.500000000000000674e-08
1.755102040816326259e+00 -1.160000000000000064e-07
1.836734693877550839e+00 -1.460000000000000103e-07
1.918367346938775420e+00 -1.770000000000000100e-07
2.000000000000000000e+00 -2.110000000000000233e-07
