-2.000000000000000000e+00 6.590000000000000115e-08
-1.918367346938775420e+00 6.499999999999999971e-08
-1.836734693877551061e+00 3.659999999999999686e-08
-1.755102040816326481e+00 6.199999999999999931e-08
-1.673469387755102122e+00 5.519999999999999798e-08
-1.591836734693877542e+00 4.789999999999999879e-08
-1.510204081632652962e+00 1.590000000000000010e-08
-1.428571428571428603e+00 4.209999999999999979e-08
-1.346938775510204245e+00 2.409999999999999743e-08
-1.265306122448979664e+00 5.399999999999999385e-08
-1.183673469387755084e+00 8.500000000000000012e-09
-1.102040816326530726e+00 2.499999999999999887e-08
-1.020408163265306145e+00 1.919999999999999656e-08
-9.387755102040817867e-01 4.699999999999999734e-08
-8.571428571428572063e-01 4.000000000000000249e-09
-7.755102040816328479e-01 1.190000000000000068e-08
-6.938775510204082675e-01 3.169999999999999931e-08
-6.122448979591836871e-01 -2.999999999999999463e-10
-5.306122448979593287e-01 3.909999999999999940e-08
-4.489795918367347483e-01 2.469999999999999949e-08
-3.673469387755103899e-01 2.499999999999999887e-08
-2.857142857142858094e-01 3.700000000000000044e-09
-2.040816326530614511e-01 3.019999999999999911e-08
-1.224489795918368706e-01 3.270000000000000164e-08
-4.081632653061229021e-02 1.529999999999999804e-08
4.081632653061229021e-02 -1.559999999999999741e-08
1.224489795918364266e-01 -1.460000000000000004e-08
2.040816326530610070e-01 2.469999999999999949e-08
2.857142857142855874e-01 2.009999999999999801e-08
3.673469387755101678e-01 -1.799999999999999905e-08
4.489795918367343042e-01 -1.370000000000000025e-08
5.306122448979588846e-01 -2.499999999999999887e-08
6.122448979591834650e-01 2.700000000000000189e-09
6.938775510204080454e-01 -1.590000000000000010e-08
7.755102040816326259e-01 -2.229999999999999785e-08
8.571428571428567622e-01 1.099999999999999924e-08
9.387755102040813426e-01 1.129999999999999862e-08
1.020408163265305923e+00 -1.220000000000000006e-08
1.102040816326530503e+00 7.899999999999999603e-09
1.183673469387754640e+00 -3.909999999999999940e-08
1.265306122448979220e+00 4.000000000000000249e-09
1.346938775510203801e+00 -3.570000000000000204e-08
1.428571428571428381e+00 -2.110000000000000034e-08
1.510204081632652962e+00 -1.099999999999999924e-08
1.591836734693877098e+00 -4.610000000000000252e-08
1.673469387755101678e+00 -4.299999999999999627e-09
1.755102040816326259e+00 -6.400000000000000233e-09
1.836734693877550839e+00 -5.369999999999999778e-08
1.918367346938775420e+00 -2.440000000000000011e-08
2.000000000000000000e+00 -1.309999999999999984e-08
