-2.000000000000000000e+00 9.664999999999999790e-07
-1.918367346938775420e+00 7.741999999999999313e-07
-1.836734693877551061e+00 7.088999999999998958e-07
-1.755102040816326481e+00 6.502999999999999402e-07
-1.673469387755102122e+00 5.753000000000000230e-07
-1.591836734693877542e+00 5.114999999999998884e-07
-1.510204081632652962e+00 4.504000000000000097e-07
-1.428571428571428603e+00 3.899999999999999718e-07
-1.346938775510204245e+00 3.536999999999999974e-07
-1.265306122448979664e+00 3.109999999999999658e-07
-1.183673469387755084e+00 2.923999999999999978e-07
-1.102040816326530726e+00 2.498999999999999812e-07
-1.020408163265306145e+00 2.303999999999999720e-07
-9.387755102040817867e-01 2.028999999999999971e-07
-8.571428571428572063e-01 1.723999999999999820e-07
-7.755102040816328479e-01 1.494999999999999821e-07
-6.938775510204082675e-01 1.409999999999999788e-07
-6.122448979591836871e-01 1.186999999999999975e-07
-5.306122448979593287e-01 9.220000000000000504e-08
-4.489795918367347483e-01 6.900000000000000905e-08
-3.673469387755103899e-01 5.829999999999999265e-08
-2.857142857142858094e-01 4.909999999999999630e-08
-2.040816326530614511e-01 2.440000000000000011e-08
-1.224489795918368706e-01 2.999999999999999463e-10
-4.081632653061229021e-02 -1.829999999999999843e-08
4.081632653061229021e-02 -2.079999999999999766e-08
1.224489795918364266e-01 -6.069999999999999429e-08
2.040816326530610070e-01 -7.109999999999999477e-08
2.857142857142855874e-01 -7.420000000000000268e-08
3.673469387755101678e-01 -9.639999999999998971e-08
4.489795918367343042e-01 -1.113999999999999917e-07
5.306122448979588846e-01 -1.297000000000000033e-07
6.122448979591834650e-01 -1.388999999999999798e-07
6.938775510204080454e-01 -1.635999999999999826e-07
7.755102040816326259e-01 -1.889000000000000041e-07
8.571428571428567622e-01 -2.093999999999999825e-07
9.387755102040813426e-01 -2.196999999999999887e-07
1.020408163265305923e+00 -2.518000000000000180e-07
1.102040816326530503e+00 -3.003000000000000090e-07
1.183673469387754640e+00 -3.362999999999999607e-07
1.265306122448979220e+00 -3.820999999999999606e-07
1.346938775510203801e+00 -4.284999999999999526e-07
1.428571428571428381e+00 -4.802999999999999796e-07
1.510204081632652962e+00 -5.261000000000000324e-07
1.591836734693877098e+00 -5.661000000000000730e-07
1.673469387755101678e+00 -6.179999999999999487e-07
1.755102040816326259e+00 -6.824000000000000225e-07
1.836734693877550839e+00 -7.448999999999999535e-07
1.918367346938775420e+00 -8.172999999999999930e-07
2.000000000000000000e+00 -8.931999999999999778e-07
