0	2.7E-14	-1.35E-13	-2.615E-11
0.0025	6E-15	-1.12E-13	-7.1E-12
0.005	-2.5E-14	-1.35E-13	5.57E-11
0.0075	-4.2E-14	-1.47E-13	-1.95E-11
0.01	-2.05E-13	-1.71E-13	1.555E-11
0.0125	3.1E-13	-1.4E-13	8.02E-11
0.015	-3.8E-14	-1.9E-13	-5.43E-11
0.0175	1.53E-13	-1.9E-13	5.695E-11
0.02	2.7E-14	-2.21E-13	-4.315E-11
0.0225	2.41E-13	-1.63E-13	-5.685E-11
0.025	-3.5E-14	-1.45E-13	5.17E-11
0.0275	-1.76E-13	-1.23E-13	-7.45E-12
0.03	1.69E-13	-1.66E-13	2.65E-12
0.0325	1.94E-13	-1.77E-13	5.655E-11
0.035	2.57E-13	-1.89E-13	-3.89E-11
0.0375	2.1E-14	-2.01E-13	-3.14E-11
0.04	4.3E-14	-1.77E-13	3.15E-12
0.0425	-1.46E-13	-1.68E-13	-1.455E-11
0.045	6E-15	-1.83E-13	4.585E-11
0.0475	-1.22E-13	-1.58E-13	-5.15E-12
0.05	2.86E-13	-1.9E-13	6.3E-12
0.0525	1.3E-13	-2.21E-13	-6.85E-12
0.055	1.39E-13	-1.72E-13	1.415E-11
0.0575	1.98E-13	-1.72E-13	7.01E-11
0.06	-4E-15	-1.57E-13	-4.47E-11
0.0625	1.1E-13	-2.03E-13	5.21E-11
0.065	1.1E-13	-1.26E-13	2.445E-11
0.0675	1.41E-13	-1.28E-13	-4.425E-11
0.07	2.87E-13	-1.56E-13	5.565E-11
0.0725	2.03E-13	-1.3E-13	-3.96E-11
0.075	-1.4E-14	-1.84E-13	1.715E-11
0.0775	-3.9E-14	-1.73E-13	4.895E-11
0.08	-6.6E-14	-1.51E-13	3.9E-12
0.0825	1.5E-14	-1.87E-13	-6.5E-13
0.085	3.3E-14	-1.32E-13	3.735E-11
0.0875	9.6E-14	-1.49E-13	-1.86E-11
0.09	1.02E-13	-1.76E-13	4.63E-11
0.0925	-6.9E-14	-1.5E-13	-1.65E-12
0.095	-4.8E-14	-2E-13	-2.38E-11
0.0975	6.1E-14	-2.08E-13	7.43E-11
0.1	1.48E-13	-2.18E-13	-6.08E-11
0.1025	-1.9E-14	-1.62E-13	2.19E-11
0.105	1.83E-13	-1.68E-13	-5.64E-11
0.1075	3.03E-13	-1.47E-13	-2.2E-11
0.11	2.49E-13	-1.93E-13	6.035E-11
0.1125	-2.2E-14	-1.99E-13	-5.605E-11
0.115	1.35E-13	-1.84E-13	-1.375E-11
0.1175	9E-15	-2.06E-13	5.24E-11
0.12	1.32E-13	-1.34E-13	-9.4E-12
0.1225	5.2E-14	-1.67E-13	1.005E-11
0.125	-1.9E-14	-1.91E-13	-2.92E-11
0.1275	1.49E-13	-1.73E-13	-5.8E-12
0.13	-4.8E-14	-1.81E-13	2.365E-11
0.1325	1.31E-13	-1.3E-13	-6.1E-11
0.135	7.6E-14	-1.53E-13	5.385E-11
0.1375	3.28E-13	-1.18E-13	-3.205E-11
0.14	1.94E-13	-1.92E-13	-4.315E-11
0.1425	1.48E-13	-1.95E-13	5.32E-11
0.145	1.8E-13	-1.35E-13	-9.16E-11
0.1475	-1.21E-13	-2.03E-13	6.36E-11
0.15	-7.3E-14	-2.08E-13	2.145E-11
0.1525	4E-15	-1.47E-13	-5.615E-11
0.155	1.2E-14	-1.75E-13	1.35E-12
0.1575	2.06E-13	-2.2E-13	3.33E-11
0.16	1.1E-13	-1.93E-13	-4.045E-11
0.1625	8.6E-14	-1.81E-13	1.44E-11
0.165	-3.2E-14	-1.62E-13	3.5E-13
0.1675	2.2E-14	-1.63E-13	2.06E-11
0.17	2.5E-14	-2.17E-13	3.545E-11
0.1725	2.55E-13	-2.47E-13	-3.8E-11
0.175	-2.1E-14	-1.7E-13	4.125E-11
0.1775	3.43E-13	-1.88E-13	-1.48E-11
0.18	4.7E-14	-1.82E-13	1.905E-11
0.1825	5E-15	-1.95E-13	2.065E-11
0.185	-1.07E-13	-1.47E-13	-7.15E-11
0.1875	-1E-13	-1.7E-13	4.99E-11
0.19	1.36E-13	-1.41E-13	-4.255E-11
0.1925	2.7E-14	-2.06E-13	-2.015E-11
0.195	2.45E-13	-1.85E-13	4.48E-11
0.1975	6.9E-14	-1.91E-13	-2.395E-11
0.2	-4.3E-14	-2.6E-13	3E-13
0.2025	5E-15	-2.16E-13	3.48E-11
0.205	1.29E-13	-1.92E-13	-1.44E-11
0.2075	1.06E-13	-1.84E-13	4.085E-11
0.21	1.42E-13	-1.7E-13	-6.495E-11
0.2125	3.17E-13	-2.02E-13	-3.475E-11
0.215	1.37E-13	-2.02E-13	7.5E-11
0.2175	-1.16E-13	-1.82E-13	-3.14E-11
0.22	1.3E-14	-2.31E-13	8.405E-11
0.2225	1.11E-13	-1.7E-13	-5.945E-11
0.225	-9.7E-14	-2.03E-13	-4.77E-11
0.2275	8E-14	-2.03E-13	4.485E-11
0.23	9.7E-14	-2.08E-13	2.83E-11
0.2325	-6.4E-14	-2.27E-13	-3.84E-11
0.235	4.2E-14	-1.78E-13	2.98E-11
0.2375	-1.89E-13	-1.79E-13	1.15E-12
0.24	3.4E-14	-1.91E-13	3E-11
0.2425	2.38E-13	-2.16E-13	-7.25E-12
0.245	9E-15	-1.95E-13	8.4E-12
0.2475	8E-14	-2.17E-13	4.89E-11
0.25	2.13E-13	-1.83E-13	-4.475E-11
0.2525	1.07E-13	-1.53E-13	6.45E-11
0.255	6E-15	-1.66E-13	-3.285E-11
0.2575	-9.2E-14	-2.21E-13	-5.59E-11
0.26	1.23E-13	-1.96E-13	3.15E-12
0.2625	4.9E-14	-2E-13	-3.4E-11
0.265	9.7E-14	-1.65E-13	2.225E-11
0.2675	9.4E-14	-2.31E-13	5.615E-11
0.27	2.48E-13	-1.87E-13	-4.125E-11
0.2725	-5.6E-14	-1.72E-13	5.67E-11
0.275	1E-15	-1.76E-13	-2.155E-11
0.2775	1.81E-13	-2.31E-13	-1.17E-11
0.28	1.32E-13	-2.36E-13	1.1535E-10
0.2825	3.22E-13	-2.17E-13	-4.885E-11
0.285	-3.6E-14	-1.97E-13	-9.8E-12
0.2875	9.2E-14	-2.05E-13	-5.015E-11
0.29	-1.07E-13	-1.68E-13	-4.5E-11
0.2925	-9.3E-14	-1.82E-13	4.41E-11
0.295	-8.9E-14	-1.24E-13	0
0.2975	-2.4E-14	-1.75E-13	1.11E-11
0.3	1.8E-13	-1.71E-13	-1E-12
0.3025	-3E-15	-1.47E-13	1.215E-11
0.305	2.31E-13	-2.21E-13	6.69E-11
0.3075	4.4E-14	-2.12E-13	-3.61E-11
0.31	1.48E-13	-1.79E-13	5.47E-11
0.3125	-2E-15	-1.84E-13	3.01E-11
0.315	9.4E-14	-1.98E-13	-5.145E-11
0.3175	4.37E-13	-1.92E-13	4.685E-11
0.32	2.13E-13	-1.88E-13	-1.28E-11
0.3225	6.1E-14	-2.21E-13	-5.8E-12
0.325	-2.9E-14	-1.83E-13	4.97E-11
0.3275	4.7E-14	-2.08E-13	-6.3E-12
0.33	1E-15	-1.98E-13	5E-12
0.3325	2.5E-14	-1.38E-13	4.105E-11
0.335	1.96E-13	-1.89E-13	-1.91E-11
0.3375	1.44E-13	-1.76E-13	3E-11
0.34	7.2E-14	-1.54E-13	3.55E-12
0.3425	2.4E-14	-2.07E-13	-1.49E-11
0.345	1.72E-13	-1.78E-13	6.165E-11
0.3475	2.11E-13	-2.53E-13	-7.27E-11
0.35	8.2E-14	-1.94E-13	2.685E-11
0.3525	1.67E-13	-2.11E-13	-6.115E-11
0.355	2.26E-13	-2.29E-13	9.5E-13
0.3575	6.3E-14	-1.96E-13	5.135E-11
0.36	1.1E-14	-2.14E-13	-5.57E-11
0.3625	1.61E-13	-2.07E-13	-6.3E-12
0.365	-3.8E-14	-2.08E-13	2.28E-11
0.3675	1.21E-13	-1.49E-13	-4.8E-12
0.37	1.99E-13	-2.05E-13	5.29E-11
0.3725	4.9E-14	-2.34E-13	-3.505E-11
0.375	2.37E-13	-1.97E-13	2.55E-11
0.3775	5E-14	-1.62E-13	6.3E-11
0.38	1.37E-13	-2.05E-13	-6.085E-11
0.3825	-4.5E-14	-2.04E-13	5.305E-11
0.385	2.79E-13	-1.7E-13	-7.94E-11
0.3875	2.36E-13	-2.34E-13	-2.34E-11
0.39	1.47E-13	-2E-13	5.845E-11
0.3925	2.47E-13	-1.97E-13	-8.05E-11
0.395	-4.9E-14	-2.37E-13	-3.43E-11
0.3975	3.5E-14	-2.2E-13	3.845E-11
0.4	-2.4E-13	-1.59E-13	-6.5E-13
0.4025	6.8E-14	-2.06E-13	3.91E-11
0.405	5.7E-14	-2.21E-13	-8.45E-12
0.4075	1.56E-13	-2.17E-13	-1.315E-11
0.41	2.94E-13	-1.87E-13	5.78E-11
0.4125	2.6E-14	-2.13E-13	-2.48E-11
0.415	1.68E-13	-2.05E-13	1.7E-11
0.4175	1.64E-13	-2.01E-13	-6.06E-11
0.42	1.83E-13	-1.84E-13	-2.735E-11
0.4225	-2.4E-14	-2.09E-13	4.255E-11
0.425	2.58E-13	-2.19E-13	-7.95E-12
0.4275	4.9E-14	-1.78E-13	-1.49E-11
0.43	4E-14	-1.7E-13	1.1155E-10
0.4325	9.4E-14	-2.39E-13	-3.075E-11
0.435	-6.6E-14	-1.68E-13	2.145E-11
0.4375	1.18E-13	-2.03E-13	-1.25E-11
0.44	2.8E-14	-3.22E-13	-1.2E-11
0.4425	1.23E-13	-2.08E-13	5.85E-12
0.445	6.7E-14	-2.21E-13	-6.73E-11
0.4475	-1.4E-14	-1.79E-13	3.045E-11
0.45	-2.5E-14	-2.38E-13	-1.45E-12
0.4525	6.6E-14	-2.3E-13	-7.955E-11
0.455	8.3E-14	-2.29E-13	8.12E-11
0.4575	5.1E-14	-2.37E-13	-6.665E-11
0.46	2.12E-13	-2.2E-13	3.995E-11
0.4625	4.9E-14	-2.22E-13	9.555E-11
0.465	-4.2E-14	-2.01E-13	-4.38E-11
0.4675	-1.06E-13	-2.04E-13	8.595E-11
0.47	1.08E-13	-2.12E-13	-3.795E-11
0.4725	-1.74E-13	-1.97E-13	-2.9E-11
0.475	2.1E-14	-1.71E-13	1.8E-11
0.4775	-6E-14	-1.7E-13	1.92E-11
0.48	1.56E-13	-2.12E-13	-2.81E-11
0.4825	2.7E-14	-1.93E-13	4.31E-11
0.485	-2.46E-13	-1.72E-13	1.145E-11
0.4875	8.4E-14	-1.36E-13	2.095E-11
0.49	1.14E-13	-1.68E-13	-7.9E-12
0.4925	1.5E-14	-1.83E-13	-9E-12
0.495	7.2E-14	-1.24E-13	6.39E-11
0.4975	8.7E-14	-1.79E-13	-5.555E-11
0.5	-3.6E-14	-1.53E-13	5.845E-11
0	-9.8E-13	8.69E-13	4.86E-11
0.0025	1.103E-12	-1.286E-12	-1.2E-12
0.005	3.787E-12	-3.835E-12	-1.895E-11
0.0075	6.233E-12	-6.58E-12	3.29E-11
0.01	9.859E-12	-1.0112E-11	6.5E-12
0.0125	1.3181E-11	-1.4152E-11	4.595E-11
0.015	1.8609E-11	-1.9095E-11	4.95E-12
0.0175	2.4993E-11	-2.4957E-11	1.97E-11
0.02	3.2209E-11	-3.2635E-11	3.515E-11
0.0225	4.0827E-11	-4.1432E-11	7.3E-12
0.025	5.2107E-11	-5.3863E-11	3.94E-11
0.0275	6.6778E-11	-6.6868E-11	-1.2E-11
0.03	8.3211E-11	-8.278E-11	-5.675E-11
0.0325	9.9982E-11	-1.02066E-10	1.625E-11
0.035	1.19371E-10	-1.22161E-10	-9.7E-12
0.0375	1.44463E-10	-1.46968E-10	2.83E-11
0.04	1.72619E-10	-1.73442E-10	1.935E-11
0.0425	2.0337E-10	-2.03328E-10	-5.27E-11
0.045	2.34923E-10	-2.34203E-10	7.885E-11
0.0475	2.66137E-10	-2.67876E-10	-2.775E-11
0.05	3.02919E-10	-3.03381E-10	6.1E-11
0.0525	3.39958E-10	-3.41252E-10	5.93E-11
0.055	3.77865E-10	-3.7946E-10	-4.36E-11
0.0575	4.17727E-10	-4.17687E-10	5.185E-11
0.06	4.53242E-10	-4.58101E-10	-2.47E-11
0.0625	4.95176E-10	-4.93603E-10	-6.315E-11
0.065	5.35161E-10	-5.33083E-10	2.5E-11
0.0675	5.73762E-10	-5.70871E-10	-9.3E-12
0.07	6.07462E-10	-6.07733E-10	0
0.0725	6.49765E-10	-6.4761E-10	3.89E-11
0.075	6.8157E-10	-6.82689E-10	1.31E-11
0.0775	7.17618E-10	-7.1774E-10	5.005E-11
0.08	7.52233E-10	-7.49965E-10	-1.335E-11
0.0825	7.79733E-10	-7.80048E-10	9.35E-12
0.085	8.11752E-10	-8.11742E-10	1.81E-11
0.0875	8.34876E-10	-8.35027E-10	-1.265E-11
0.09	8.6296E-10	-8.64858E-10	6.585E-11
0.0925	8.90861E-10	-8.893E-10	-5.7E-12
0.095	9.10267E-10	-9.10792E-10	-5.24E-11
0.0975	9.35339E-10	-9.34057E-10	6.67E-11
0.1	9.5685E-10	-9.57066E-10	2.13E-11
0.1025	9.76947E-10	-9.77387E-10	-7.535E-11
0.105	9.9235E-10	-9.93246E-10	6.3E-12
0.1075	1.00812E-09	-1.010702E-09	2.67E-11
0.11	1.02733E-09	-1.02915E-09	-1.525E-11
0.1125	1.04421E-09	-1.043545E-09	-2.465E-11
0.115	1.05522E-09	-1.058432E-09	-3.4E-11
0.1175	1.07449E-09	-1.072014E-09	5.9E-12
0.12	1.08894E-09	-1.090754E-09	-2.035E-11
0.1225	1.10467E-09	-1.103337E-09	1.125E-11
0.125	1.11785E-09	-1.120876E-09	-6.065E-11
0.1275	1.12992E-09	-1.131563E-09	3.355E-11
0.13	1.14097E-09	-1.141616E-09	5.025E-11
0.1325	1.15267E-09	-1.15105E-09	-2.675E-11
0.135	1.16585E-09	-1.16396E-09	-2.565E-11
0.1375	1.17411E-09	-1.17865E-09	-1.475E-11
0.14	1.18731E-09	-1.18787E-09	-4.12E-11
0.1425	1.1948E-09	-1.19587E-09	4.545E-11
0.145	1.20628E-09	-1.20702E-09	-4.555E-11
0.1475	1.21647E-09	-1.21644E-09	4.985E-11
0.15	1.22471E-09	-1.23037E-09	-3.14E-11
0.1525	1.23461E-09	-1.23511E-09	-7.4E-11
0.155	1.2447E-09	-1.24685E-09	7.435E-11
0.1575	1.2551E-09	-1.25895E-09	-3.64E-11
0.16	1.2647E-09	-1.26532E-09	-1.915E-11
0.1625	1.27668E-09	-1.27561E-09	9.395E-11
0.165	1.28583E-09	-1.28856E-09	-2.71E-11
0.1675	1.29387E-09	-1.29376E-09	5.69E-11
0.17	1.30089E-09	-1.30492E-09	4.055E-11
0.1725	1.31451E-09	-1.31424E-09	4.035E-11
0.175	1.32276E-09	-1.32222E-09	2.86E-11
0.1775	1.32764E-09	-1.33129E-09	8.9E-12
0.18	1.33915E-09	-1.33743E-09	-3.9E-11
0.1825	1.34614E-09	-1.34825E-09	6.025E-11
0.185	1.35634E-09	-1.35416E-09	-3.4E-11
0.1875	1.3631E-09	-1.36318E-09	6.69E-11
0.19	1.37628E-09	-1.37784E-09	5.19E-11
0.1925	1.3871E-09	-1.38381E-09	-7E-11
0.195	1.39166E-09	-1.38983E-09	5.785E-11
0.1975	1.40162E-09	-1.40391E-09	2.51E-11
0.2	1.40885E-09	-1.40912E-09	1.085E-11
0.2025	1.41695E-09	-1.41964E-09	1.455E-11
0.205	1.42511E-09	-1.4243E-09	9.11E-11
0.2075	1.42436E-09	-1.43132E-09	-5.37E-11
0.21	1.44111E-09	-1.43793E-09	6.44E-11
0.2125	1.44856E-09	-1.44743E-09	-2.165E-11
0.215	1.45365E-09	-1.45811E-09	2.85E-12
0.2175	1.46628E-09	-1.47227E-09	3.805E-11
0.22	1.4775E-09	-1.47589E-09	-4.66E-11
0.2225	1.48276E-09	-1.48306E-09	2.61E-11
0.225	1.48745E-09	-1.49101E-09	-2.52E-11
0.2275	1.49544E-09	-1.49775E-09	-4.35E-11
0.23	1.50989E-09	-1.50584E-09	6.195E-11
0.2325	1.51833E-09	-1.51615E-09	-2.5E-12
0.235	1.52479E-09	-1.52748E-09	-3.475E-11
0.2375	1.53035E-09	-1.53263E-09	1.62E-11
0.24	1.54066E-09	-1.5408E-09	-3.905E-11
0.2425	1.54906E-09	-1.54871E-09	-4.85E-12
0.245	1.55978E-09	-1.55887E-09	4.09E-11
0.2475	1.57065E-09	-1.56816E-09	-4.795E-11
0.25	1.57298E-09	-1.57334E-09	3.7E-11
0.2525	1.58215E-09	-1.58052E-09	-6.465E-11
0.255	1.59355E-09	-1.59134E-09	-5.715E-11
0.2575	1.59814E-09	-1.5963E-09	6.665E-11
0.26	1.6082E-09	-1.60663E-09	-3.35E-12
0.2625	1.6147E-09	-1.61687E-09	-2.465E-11
0.265	1.62039E-09	-1.62138E-09	2.495E-11
0.2675	1.62754E-09	-1.62842E-09	-4.095E-11
0.27	1.63985E-09	-1.63937E-09	-2.485E-11
0.2725	1.65132E-09	-1.64822E-09	1.105E-11
0.275	1.65241E-09	-1.65372E-09	-6.92E-11
0.2775	1.66085E-09	-1.65901E-09	2.325E-11
0.28	1.67324E-09	-1.67398E-09	-9.46E-11
0.2825	1.67429E-09	-1.68325E-09	-4.605E-11
0.285	1.68699E-09	-1.69113E-09	3.82E-11
0.2875	1.69259E-09	-1.69275E-09	-3.11E-11
0.29	1.70325E-09	-1.70955E-09	4.73E-11
0.2925	1.7094E-09	-1.70987E-09	4.21E-11
0.295	1.71697E-09	-1.71554E-09	-8.28E-11
0.2975	1.72719E-09	-1.73117E-09	3.24E-11
0.3	1.74008E-09	-1.73647E-09	-1.02E-11
0.3025	1.74403E-09	-1.74297E-09	-2.88E-11
0.305	1.75121E-09	-1.74687E-09	2.62E-11
0.3075	1.75299E-09	-1.75417E-09	-9.5E-13
0.31	1.76257E-09	-1.76528E-09	-1.415E-11
0.3125	1.77157E-09	-1.77524E-09	-1.55E-11
0.315	1.78489E-09	-1.77898E-09	4.1E-12
0.3175	1.78858E-09	-1.78805E-09	-7.4E-11
0.32	1.79137E-09	-1.79263E-09	1.83E-11
0.3225	1.80371E-09	-1.80379E-09	-6.89E-11
0.325	1.81462E-09	-1.81467E-09	3.655E-11
0.3275	1.824E-09	-1.82321E-09	-7.5E-11
0.33	1.8307E-09	-1.83002E-09	-4.29E-11
0.3325	1.84143E-09	-1.83908E-09	7.985E-11
0.335	1.84143E-09	-1.84217E-09	-3.26E-11
0.3375	1.84746E-09	-1.85044E-09	1.18E-11
0.34	1.85851E-09	-1.85692E-09	1.43E-11
0.3425	1.86427E-09	-1.86519E-09	-4.505E-11
0.345	1.87314E-09	-1.87503E-09	2.15E-12
0.3475	1.88296E-09	-1.87792E-09	5.755E-11
0.35	1.88931E-09	-1.89347E-09	-6.04E-11
0.3525	1.8994E-09	-1.89687E-09	1.755E-11
0.355	1.90443E-09	-1.90079E-09	-1.155E-11
0.3575	1.91891E-09	-1.91663E-09	-2.045E-11
0.36	1.92295E-09	-1.92268E-09	6.17E-11
0.3625	1.9232E-09	-1.92487E-09	-2.705E-11
0.365	1.93723E-09	-1.94259E-09	4.68E-11
0.3675	1.94697E-09	-1.9456E-09	1.785E-11
0.37	1.95803E-09	-1.95912E-09	-4.665E-11
0.3725	1.9611E-09	-1.9634E-09	9.85E-12
0.375	1.96623E-09	-1.96259E-09	-7.5E-13
0.3775	1.97749E-09	-1.97123E-09	-5.345E-11
0.38	1.98068E-09	-1.97828E-09	6.02E-11
0.3825	1.99115E-09	-1.98457E-09	-1E-11
0.385	1.99872E-09	-1.9972E-09	-1.415E-11
0.3875	2.0072E-09	-2.00797E-09	-6.76E-11
0.39	2.01821E-09	-2.01311E-09	-2.675E-11
0.3925	2.0227E-09	-2.02357E-09	-3.1E-12
0.395	2.02976E-09	-2.02709E-09	3.2E-11
0.3975	2.03853E-09	-2.03477E-09	-1.44E-11
0.4	2.04376E-09	-2.04394E-09	1.455E-11
0.4025	2.05148E-09	-2.05821E-09	3.88E-11
0.405	2.06386E-09	-2.05961E-09	-4.775E-11
0.4075	2.0684E-09	-2.06925E-09	7.1E-11
0.41	2.07624E-09	-2.07959E-09	-4.74E-11
0.4125	2.08349E-09	-2.08575E-09	3.14E-11
0.415	2.09154E-09	-2.09294E-09	1.0905E-10
0.4175	2.10613E-09	-2.10324E-09	-5.755E-11
0.42	2.10935E-09	-2.11801E-09	1.79E-11
0.4225	2.11322E-09	-2.1167E-09	1.825E-11
0.425	2.12275E-09	-2.12211E-09	1.27E-11
0.4275	2.12848E-09	-2.13026E-09	3.04E-11
0.43	2.1406E-09	-2.14342E-09	2.06E-11
0.4325	2.151E-09	-2.1497E-09	-5.35E-11
0.435	2.15788E-09	-2.15574E-09	1.415E-11
0.4375	2.15951E-09	-2.16184E-09	-2E-12
0.44	2.16743E-09	-2.17046E-09	-1.815E-11
0.4425	2.1732E-09	-2.17298E-09	4.12E-11
0.445	2.17928E-09	-2.18351E-09	-7.015E-11
0.4475	2.19051E-09	-2.18519E-09	5.55E-11
0.45	2.1974E-09	-2.19319E-09	-6.74E-11
0.4525	2.19933E-09	-2.20503E-09	-2.555E-11
0.455	2.20959E-09	-2.215E-09	3.97E-11
0.4575	2.22906E-09	-2.21697E-09	-7.895E-11
0.46	2.21927E-09	-2.22002E-09	6.945E-11
0.4625	2.23102E-09	-2.23132E-09	4.22E-11
0.465	2.23488E-09	-2.24069E-09	-4.505E-11
0.4675	2.24483E-09	-2.24906E-09	2.14E-11
0.47	2.24936E-09	-2.25247E-09	-3.9E-12
0.4725	2.25894E-09	-2.25697E-09	-4.92E-11
0.475	2.26362E-09	-2.2662E-09	5.41E-11
0.4775	2.27594E-09	-2.272E-09	-4.555E-11
0.48	2.28155E-09	-2.28221E-09	-3.9E-12
0.4825	2.29351E-09	-2.29429E-09	-1.775E-11
0.485	2.29324E-09	-2.2964E-09	-7.4E-12
0.4875	2.30288E-09	-2.29937E-09	2.235E-11
0.49	2.3107E-09	-2.30855E-09	1.11E-11
0.4925	2.31724E-09	-2.31527E-09	-3.165E-11
0.495	2.32145E-09	-2.32828E-09	-1.59E-11
0.4975	2.33392E-09	-2.33405E-09	9.5E-12
0.5	2.33981E-09	-2.33786E-09	-6.715E-11
0	3.085E-12	-3.484E-12	5.35E-12
0.0025	9.225E-12	-1.2184E-11	-5.65E-12
0.005	2.1936E-11	-2.1995E-11	-1.765E-11
0.0075	3.3332E-11	-3.5249E-11	5E-14
0.01	4.6917E-11	-5.1332E-11	-4.7E-12
0.0125	6.4991E-11	-6.7148E-11	3.585E-11
0.015	8.5603E-11	-8.8884E-11	-4.53E-11
0.0175	1.13341E-10	-1.16708E-10	6.645E-11
0.02	1.46334E-10	-1.51273E-10	-3.59E-11
0.0225	1.87436E-10	-1.93733E-10	-5.84E-11
0.025	2.38485E-10	-2.45555E-10	2.59E-11
0.0275	2.94061E-10	-3.02135E-10	-3.305E-11
0.03	3.63048E-10	-3.70828E-10	4.6E-12
0.0325	4.43211E-10	-4.5504E-10	7.665E-11
0.035	5.37639E-10	-5.4727E-10	-3.535E-11
0.0375	6.40601E-10	-6.53825E-10	6.965E-11
0.04	7.59114E-10	-7.72024E-10	-2.005E-11
0.0425	8.85985E-10	-9.01649E-10	1.33E-11
0.045	1.02753E-09	-1.03873E-09	-3.12E-11
0.0475	1.17801E-09	-1.194E-09	-4.56E-11
0.05	1.35731E-09	-1.35785E-09	3.565E-11
0.0525	1.52173E-09	-1.56156E-09	5.505E-11
0.055	1.70372E-09	-1.71675E-09	-7.035E-11
0.0575	1.90167E-09	-1.91163E-09	2.86E-11
0.06	2.10374E-09	-2.12139E-09	-1.55E-11
0.0625	2.32149E-09	-2.3374E-09	-1.38E-11
0.065	2.54858E-09	-2.56573E-09	-6.3E-12
0.0675	2.78677E-09	-2.80131E-09	-2.32E-11
0.07	3.03516E-09	-3.05403E-09	-4.995E-11
0.0725	3.31166E-09	-3.30871E-09	3.95E-12
0.075	3.582E-09	-3.57004E-09	-2.9E-11
0.0775	3.86031E-09	-3.85954E-09	1.45E-12
0.08	4.14662E-09	-4.14496E-09	6.95E-11
0.0825	4.44437E-09	-4.4402E-09	-7.235E-11
0.085	4.75019E-09	-4.7518E-09	4.385E-11
0.0875	5.05869E-09	-5.05414E-09	-5.86E-11
0.09	5.37621E-09	-5.37822E-09	-4.84E-11
0.0925	5.69564E-09	-5.69971E-09	2.275E-11
0.095	6.02294E-09	-6.03239E-09	-1.79E-11
0.0975	6.36368E-09	-6.36581E-09	1.525E-11
0.1	6.67275E-09	-6.66589E-09	4.665E-11
0.1025	7.01794E-09	-7.01679E-09	-2.53E-11
0.105	7.35401E-09	-7.36338E-09	1.55E-12
0.1075	7.7015E-09	-7.71531E-09	1.395E-11
0.11	8.05955E-09	-8.06563E-09	-8.2E-12
0.1125	8.41019E-09	-8.40463E-09	3.27E-11
0.115	8.75991E-09	-8.75591E-09	-3.365E-11
0.1175	9.09174E-09	-9.09959E-09	-5.105E-11
0.12	9.42105E-09	-9.43447E-09	3.1E-12
0.1225	9.77012E-09	-9.76511E-09	-2.225E-11
0.125	1.011281E-08	-1.011324E-08	2.8E-12
0.1275	1.042981E-08	-1.043107E-08	7.5E-11
0.13	1.076273E-08	-1.076696E-08	-5.59E-11
0.1325	1.109515E-08	-1.109771E-08	7.5E-12
0.135	1.14563E-08	-1.14385E-08	9.695E-11
0.1375	1.17978E-08	-1.1779E-08	-1.2E-12
0.14	1.21867E-08	-1.21318E-08	-1.57E-11
0.1425	1.25401E-08	-1.25208E-08	-5.54E-11
0.145	1.29057E-08	-1.28915E-08	3.49E-11
0.1475	1.32857E-08	-1.32661E-08	-4.295E-11
0.15	1.36643E-08	-1.36408E-08	4.105E-11
0.1525	1.40556E-08	-1.40412E-08	-3.125E-11
0.155	1.44553E-08	-1.44352E-08	1.845E-11
0.1575	1.48518E-08	-1.48345E-08	-8.75E-12
0.16	1.52659E-08	-1.52437E-08	2.655E-11
0.1625	1.56871E-08	-1.56606E-08	-1.985E-11
0.165	1.60979E-08	-1.60893E-08	-8.25E-12
0.1675	1.65176E-08	-1.64998E-08	-1.615E-11
0.17	1.69415E-08	-1.69251E-08	-4.605E-11
0.1725	1.73565E-08	-1.73418E-08	1.75E-11
0.175	1.77831E-08	-1.77588E-08	8.1E-12
0.1775	1.82052E-08	-1.81854E-08	-6.365E-11
0.18	1.86186E-08	-1.85956E-08	-1.465E-11
0.1825	1.90304E-08	-1.90096E-08	-2.015E-11
0.185	1.9442E-08	-1.94248E-08	-3.405E-11
0.1875	1.9868E-08	-1.98439E-08	6.21E-11
0.19	2.02831E-08	-2.02656E-08	-4.53E-11
0.1925	2.07008E-08	-2.06773E-08	5.63E-11
0.195	2.11089E-08	-2.10932E-08	-7.91E-11
0.1975	2.15005E-08	-2.14947E-08	9.15E-12
0.2	2.18965E-08	-2.18744E-08	-6.485E-11
0.2025	2.22962E-08	-2.22762E-08	6.855E-11
0.205	2.27026E-08	-2.26777E-08	-5.83E-11
0.2075	2.30995E-08	-2.30791E-08	5.32E-11
0.21	2.34962E-08	-2.34734E-08	-9.05E-11
0.2125	2.38978E-08	-2.38754E-08	2.305E-11
0.215	2.42953E-08	-2.42743E-08	-4.07E-11
0.2175	2.46982E-08	-2.4679E-08	4.29E-11
0.22	2.50863E-08	-2.50723E-08	-4.445E-11
0.2225	2.55059E-08	-2.54799E-08	3.46E-11
0.225	2.58996E-08	-2.58839E-08	-3.725E-11
0.2275	2.63088E-08	-2.62867E-08	-8E-12
0.23	2.67177E-08	-2.67009E-08	1.08E-11
0.2325	2.71301E-08	-2.71104E-08	-1.95E-12
0.235	2.75527E-08	-2.75395E-08	-6.935E-11
0.2375	2.7961E-08	-2.7935E-08	6.36E-11
0.24	2.83834E-08	-2.83723E-08	-2.09E-11
0.2425	2.88677E-08	-2.88139E-08	-4.075E-11
0.245	2.93038E-08	-2.92797E-08	3.085E-11
0.2475	2.97468E-08	-2.97301E-08	-9E-13
0.25	3.01922E-08	-3.01701E-08	7.65E-12
0.2525	3.06452E-08	-3.06195E-08	-5.405E-11
0.255	3.1097E-08	-3.10702E-08	3.845E-11
0.2575	3.15448E-08	-3.15234E-08	-1.41E-11
0.26	3.20243E-08	-3.20013E-08	1.8E-11
0.2625	3.24855E-08	-3.24681E-08	-4.12E-11
0.265	3.29575E-08	-3.29419E-08	6.515E-11
0.2675	3.34365E-08	-3.34098E-08	-3.345E-11
0.27	3.39178E-08	-3.38988E-08	5.09E-11
0.2725	3.44083E-08	-3.43811E-08	-5.005E-11
0.275	3.49027E-08	-3.48814E-08	-6.45E-12
0.2775	3.54012E-08	-3.53751E-08	9.85E-12
0.28	3.59187E-08	-3.58844E-08	3.4E-11
0.2825	3.64257E-08	-3.64047E-08	-1.485E-11
0.285	3.69407E-08	-3.69209E-08	3.64E-11
0.2875	3.74657E-08	-3.74377E-08	-1.26E-11
0.29	3.80026E-08	-3.79789E-08	3.27E-11
0.2925	3.85318E-08	-3.8504E-08	1.09E-11
0.295	3.90601E-08	-3.90509E-08	-1.6E-12
0.2975	3.96143E-08	-3.95925E-08	-4.465E-11
0.3	4.01675E-08	-4.01422E-08	4.835E-11
0.3025	4.07144E-08	-4.0692E-08	5.6E-12
0.305	4.12726E-08	-4.12574E-08	-9.2E-12
0.3075	4.18234E-08	-4.18193E-08	3.94E-11
0.31	4.23995E-08	-4.23789E-08	-3.635E-11
0.3125	4.29202E-08	-4.29552E-08	4.64E-11
0.315	4.35003E-08	-4.34689E-08	-4.11E-11
0.3175	4.40706E-08	-4.40491E-08	7.185E-11
0.32	4.46415E-08	-4.46369E-08	-2.05E-12
0.3225	4.52334E-08	-4.52207E-08	4.775E-11
0.325	4.58532E-08	-4.58329E-08	-5.58E-11
0.3275	4.64677E-08	-4.64385E-08	5.305E-11
0.33	4.70648E-08	-4.70444E-08	-5.12E-11
0.3325	4.76963E-08	-4.76725E-08	6.805E-11
0.335	4.83292E-08	-4.83233E-08	-5.04E-11
0.3375	4.89574E-08	-4.89379E-08	2.465E-11
0.34	4.95937E-08	-4.95728E-08	-2.125E-11
0.3425	5.02652E-08	-5.0235E-08	1.765E-11
0.345	5.09225E-08	-5.08948E-08	-3.93E-11
0.3475	5.15894E-08	-5.15807E-08	4.735E-11
0.35	5.22436E-08	-5.22198E-08	-1.34E-11
0.3525	5.29101E-08	-5.28862E-08	5.275E-11
0.355	5.36018E-08	-5.35647E-08	-1.365E-11
0.3575	5.42618E-08	-5.4259E-08	-2.315E-11
0.36	5.49908E-08	-5.49548E-08	-5.27E-11
0.3625	5.56652E-08	-5.56708E-08	5.95E-11
0.365	5.6366E-08	-5.63198E-08	-9.9E-12
0.3675	5.70984E-08	-5.70632E-08	1.45E-12
0.37	5.7831E-08	-5.77891E-08	3.085E-11
0.3725	5.85749E-08	-5.85267E-08	-4.35E-11
0.375	5.92964E-08	-5.92373E-08	5.975E-11
0.3775	5.99847E-08	-6.00205E-08	-2.795E-11
0.38	6.07538E-08	-6.07192E-08	6.83E-11
0.3825	6.14694E-08	-6.14387E-08	-4.355E-11
0.385	6.22374E-08	-6.21848E-08	-5.65E-12
0.3875	6.29646E-08	-6.29535E-08	-2.615E-11
0.39	6.36924E-08	-6.3689E-08	1.0245E-10
0.3925	6.44341E-08	-6.44609E-08	-7.475E-11
0.395	6.52176E-08	-6.52177E-08	6.78E-11
0.3975	6.59647E-08	-6.59808E-08	-9.07E-11
0.4	6.6778E-08	-6.67143E-08	2.27E-11
0.4025	6.75218E-08	-6.75007E-08	-3.5E-13
0.405	6.8283E-08	-6.82722E-08	1.175E-11
0.4075	6.90921E-08	-6.90361E-08	-1.345E-11
0.41	6.98103E-08	-6.98162E-08	4.885E-11
0.4125	7.05554E-08	-7.05542E-08	-1.7E-11
0.415	7.13432E-08	-7.13588E-08	8.45E-12
0.4175	7.21379E-08	-7.20701E-08	-1.335E-11
0.42	7.28783E-08	-7.28297E-08	3.01E-11
0.4225	7.35571E-08	-7.36174E-08	-3.985E-11
0.425	7.43452E-08	-7.43638E-08	6.325E-11
0.4275	7.51335E-08	-7.51166E-08	-1.515E-11
0.43	7.59258E-08	-7.58441E-08	-4.855E-11
0.4325	7.66307E-08	-7.66256E-08	3.9E-11
0.435	7.73883E-08	-7.74159E-08	-4.7E-12
0.4375	7.80777E-08	-7.80869E-08	1.22E-11
0.44	7.91219E-08	-7.90332E-08	-3.28E-11
0.4425	7.99398E-08	-7.99099E-08	2.78E-11
0.445	8.05698E-08	-8.06273E-08	-2.27E-11
0.4475	8.14032E-08	-8.13401E-08	-5.65E-12
0.45	8.21598E-08	-8.21574E-08	-6.46E-11
0.4525	8.28201E-08	-8.28383E-08	6.01E-11
0.455	8.35985E-08	-8.35691E-08	-1.1015E-10
0.4575	8.43739E-08	-8.42405E-08	3.4E-11
0.46	8.50337E-08	-8.49299E-08	-7.55E-12
0.4625	8.57216E-08	-8.57279E-08	-4.235E-11
0.465	8.65028E-08	-8.63727E-08	-1.48E-11
0.4675	8.69908E-08	-8.69725E-08	1.145E-11
0.47	8.76346E-08	-8.75825E-08	-2.55E-12
0.4725	8.83329E-08	-8.83212E-08	2.63E-11
0.475	8.90219E-08	-8.90861E-08	-5.5E-12
0.4775	8.97424E-08	-8.97429E-08	-3.93E-11
0.48	9.04848E-08	-9.04764E-08	-1.41E-11
0.4825	9.11597E-08	-9.11563E-08	4.48E-11
0.485	9.19056E-08	-9.17572E-08	-6.38E-11
0.4875	9.24308E-08	-9.24121E-08	-2.915E-11
0.49	9.30501E-08	-9.31473E-08	2.695E-11
0.4925	9.3778E-08	-9.36962E-08	-7.175E-11
0.495	9.44175E-08	-9.43529E-08	4.035E-11
0.4975	9.50655E-08	-9.49983E-08	-3.345E-11
0.5	9.56309E-08	-9.56037E-08	4.735E-11
0	6.313E-12	-6.534E-12	-1.365E-11
0.0025	3.1118E-11	-3.1448E-11	7.485E-11
0.005	5.9126E-11	-5.723E-11	-1.36E-11
0.0075	9.0877E-11	-9.1119E-11	2.64E-11
0.01	1.25321E-10	-1.29111E-10	3.455E-11
0.0125	1.7035E-10	-1.7534E-10	-2.075E-11
0.015	2.24028E-10	-2.31131E-10	-1.97E-11
0.0175	2.89435E-10	-2.973E-10	9.15E-12
0.02	3.73353E-10	-3.77259E-10	-3.94E-11
0.0225	4.64045E-10	-4.71097E-10	1.145E-11
0.025	5.71108E-10	-5.79318E-10	2.785E-11
0.0275	6.88311E-10	-7.00704E-10	2.825E-11
0.03	8.30511E-10	-8.37197E-10	-2.355E-11
0.0325	9.55777E-10	-9.84479E-10	3.755E-11
0.035	1.10863E-09	-1.12182E-09	-1.045E-11
0.0375	1.28795E-09	-1.29812E-09	1.13E-11
0.04	1.46985E-09	-1.48181E-09	-2.66E-11
0.0425	1.65986E-09	-1.67987E-09	4.65E-11
0.045	1.86329E-09	-1.88789E-09	3.5E-12
0.0475	2.08809E-09	-2.10529E-09	-2.205E-11
0.05	2.32749E-09	-2.33837E-09	3.285E-11
0.0525	2.51986E-09	-2.54104E-09	-2.635E-11
0.055	2.78348E-09	-2.8008E-09	1.115E-11
0.0575	3.04017E-09	-3.0634E-09	3.085E-11
0.06	3.33825E-09	-3.33994E-09	-1.415E-11
0.0625	3.60816E-09	-3.63051E-09	7.365E-11
0.065	3.90542E-09	-3.9307E-09	-5.275E-11
0.0675	4.22629E-09	-4.23939E-09	-4.235E-11
0.07	4.54454E-09	-4.56024E-09	6.29E-11
0.0725	4.8562E-09	-4.88452E-09	-4.11E-11
0.075	5.18991E-09	-5.21546E-09	6.145E-11
0.0775	5.54028E-09	-5.55999E-09	5.275E-11
0.08	5.84385E-09	-5.84567E-09	-7.41E-11
0.0825	6.16714E-09	-6.19375E-09	6.37E-11
0.085	6.53518E-09	-6.55656E-09	1.375E-11
0.0875	6.89428E-09	-6.91878E-09	7.9E-12
0.09	7.27432E-09	-7.28999E-09	1.55E-12
0.0925	7.65089E-09	-7.67044E-09	6.41E-11
0.095	8.01927E-09	-8.03807E-09	-8.215E-11
0.0975	8.39776E-09	-8.41503E-09	6.795E-11
0.1	8.7703E-09	-8.79108E-09	-9E-12
0.1025	9.14768E-09	-9.16073E-09	1.11E-11
0.105	9.50761E-09	-9.52659E-09	4.08E-11
0.1075	9.86854E-09	-9.88692E-09	-4.11E-11
0.11	1.02381E-08	-1.024573E-08	2.64E-11
0.1125	1.059119E-08	-1.060877E-08	-8.335E-11
0.115	1.095256E-08	-1.096844E-08	-4.235E-11
0.1175	1.132528E-08	-1.134037E-08	5.03E-11
0.12	1.1705E-08	-1.17073E-08	1.97E-11
0.1225	1.21051E-08	-1.20929E-08	-1.195E-11
0.125	1.24993E-08	-1.24968E-08	3.15E-12
0.1275	1.28937E-08	-1.2888E-08	-1.6E-11
0.13	1.33085E-08	-1.33009E-08	1.27E-11
0.1325	1.37344E-08	-1.37269E-08	-3.315E-11
0.135	1.41651E-08	-1.41596E-08	-3.52E-11
0.1375	1.46047E-08	-1.45933E-08	-1.2E-11
0.14	1.50549E-08	-1.50428E-08	6.465E-11
0.1425	1.55131E-08	-1.54958E-08	-7.27E-11
0.145	1.59842E-08	-1.59641E-08	2.75E-12
0.1475	1.64615E-08	-1.6444E-08	4.5E-13
0.15	1.69367E-08	-1.69196E-08	-6.175E-11
0.1525	1.7403E-08	-1.73945E-08	3.945E-11
0.155	1.78819E-08	-1.78707E-08	-3.535E-11
0.1575	1.83469E-08	-1.83409E-08	3E-11
0.16	1.88268E-08	-1.88114E-08	-3.57E-11
0.1625	1.92906E-08	-1.92824E-08	-3.41E-11
0.165	1.97592E-08	-1.97509E-08	-2.525E-11
0.1675	2.02303E-08	-2.0215E-08	6.795E-11
0.17	2.06988E-08	-2.06803E-08	-6.335E-11
0.1725	2.11559E-08	-2.11417E-08	5.95E-11
0.175	2.16162E-08	-2.16069E-08	-6.245E-11
0.1775	2.2075E-08	-2.20623E-08	1.2E-12
0.18	2.2537E-08	-2.25177E-08	5.3E-12
0.1825	2.29885E-08	-2.2975E-08	-4.15E-12
0.185	2.34444E-08	-2.34309E-08	-4.985E-11
0.1875	2.39044E-08	-2.38896E-08	-1.3E-12
0.19	2.43574E-08	-2.4341E-08	1.67E-11
0.1925	2.48133E-08	-2.4787E-08	2.35E-12
0.195	2.52662E-08	-2.52524E-08	3.35E-12
0.1975	2.57317E-08	-2.57099E-08	6.25E-12
0.2	2.61837E-08	-2.61659E-08	-1.74E-11
0.2025	2.66452E-08	-2.66332E-08	9.12E-11
0.205	2.71136E-08	-2.70966E-08	-3.87E-11
0.2075	2.75913E-08	-2.75744E-08	2.655E-11
0.21	2.7963E-08	-2.79557E-08	4.835E-11
0.2125	2.84474E-08	-2.84363E-08	-3.425E-11
0.215	2.8936E-08	-2.89209E-08	6.43E-11
0.2175	2.94875E-08	-2.94637E-08	-3.78E-11
0.22	2.9998E-08	-2.99817E-08	7.42E-11
0.2225	3.05057E-08	-3.04844E-08	-4.345E-11
0.225	3.10306E-08	-3.10104E-08	2.2E-12
0.2275	3.15542E-08	-3.15414E-08	3.305E-11
0.23	3.20854E-08	-3.20687E-08	1.16E-11
0.2325	3.26319E-08	-3.26068E-08	-7.09E-11
0.235	3.31768E-08	-3.31551E-08	5.65E-11
0.2375	3.37324E-08	-3.37118E-08	-2.7E-11
0.24	3.42932E-08	-3.42732E-08	7.42E-11
0.2425	3.48685E-08	-3.4847E-08	-3.275E-11
0.245	3.54481E-08	-3.54312E-08	3.135E-11
0.2475	3.60336E-08	-3.60119E-08	-8.85E-12
0.25	3.66306E-08	-3.66154E-08	4.18E-11
0.2525	3.72381E-08	-3.72225E-08	-4.14E-11
0.255	3.78529E-08	-3.78367E-08	5.515E-11
0.2575	3.84656E-08	-3.8448E-08	-4.9E-12
0.26	3.90998E-08	-3.90811E-08	3.32E-11
0.2625	3.97362E-08	-3.97164E-08	-3.65E-12
0.265	4.03799E-08	-4.03609E-08	8.95E-12
0.2675	4.10351E-08	-4.10192E-08	-6.65E-11
0.27	4.16906E-08	-4.16737E-08	1.198E-10
0.2725	4.23695E-08	-4.23431E-08	-4.235E-11
0.275	4.30544E-08	-4.30346E-08	-2.35E-12
0.2775	4.37432E-08	-4.37247E-08	1.985E-11
0.28	4.44561E-08	-4.4428E-08	-4.19E-11
0.2825	4.51626E-08	-4.51464E-08	8.85E-11
0.285	4.58932E-08	-4.58735E-08	-5.78E-11
0.2875	4.66298E-08	-4.66068E-08	5.08E-11
0.29	4.73825E-08	-4.73576E-08	-5.565E-11
0.2925	4.8147E-08	-4.81265E-08	3.43E-11
0.295	4.89151E-08	-4.88866E-08	1.46E-11
0.2975	4.97174E-08	-4.96856E-08	2.78E-11
0.3	5.05225E-08	-5.04927E-08	-5.54E-11
0.3025	5.13315E-08	-5.13036E-08	6.945E-11
0.305	5.21617E-08	-5.21395E-08	-6.18E-11
0.3075	5.30086E-08	-5.29918E-08	6.385E-11
0.31	5.38697E-08	-5.38433E-08	-3.49E-11
0.3125	5.47501E-08	-5.47266E-08	4.155E-11
0.315	5.56395E-08	-5.56031E-08	-1.1025E-10
0.3175	5.65448E-08	-5.65261E-08	6.315E-11
0.32	5.74656E-08	-5.74364E-08	-4.795E-11
0.3225	5.83881E-08	-5.83781E-08	5.05E-12
0.325	5.9349E-08	-5.93219E-08	-1.68E-11
0.3275	6.03287E-08	-6.03024E-08	7.8E-12
0.33	6.13056E-08	-6.12866E-08	3.25E-12
0.3325	6.23562E-08	-6.23134E-08	-8.7E-12
0.335	6.3352E-08	-6.33441E-08	-8.17E-11
0.3375	6.44052E-08	-6.43605E-08	6.135E-11
0.34	6.54409E-08	-6.54073E-08	8.6E-12
0.3425	6.65106E-08	-6.64902E-08	-1.545E-11
0.345	6.7607E-08	-6.75963E-08	-2E-12
0.3475	6.86982E-08	-6.87184E-08	-5.83E-11
0.35	6.98568E-08	-6.98194E-08	1.015E-11
0.3525	7.0999E-08	-7.09552E-08	-6.48E-11
0.355	7.21396E-08	-7.21483E-08	4.755E-11
0.3575	7.33218E-08	-7.33127E-08	-1.385E-11
0.36	7.4508E-08	-7.4478E-08	1.315E-11
0.3625	7.57143E-08	-7.56832E-08	-8.57E-11
0.365	7.69276E-08	-7.69096E-08	3.04E-11
0.3675	7.81904E-08	-7.81537E-08	-2.805E-11
0.37	7.93991E-08	-7.94041E-08	5.37E-11
0.3725	8.06599E-08	-8.06256E-08	-3.26E-11
0.375	8.19385E-08	-8.19206E-08	-1.285E-11
0.3775	8.32115E-08	-8.32121E-08	-4.385E-11
0.38	8.45213E-08	-8.44864E-08	7.95E-11
0.3825	8.57788E-08	-8.5758E-08	-3.38E-11
0.385	8.71019E-08	-8.707E-08	7.45E-12
0.3875	8.84234E-08	-8.8385E-08	-3.335E-11
0.39	8.97451E-08	-8.97398E-08	-3.93E-11
0.3925	9.10935E-08	-9.10701E-08	3.8E-12
0.395	9.24169E-08	-9.24076E-08	5.68E-11
0.3975	9.37631E-08	-9.37213E-08	-6.94E-11
0.4	9.50921E-08	-9.50986E-08	2.955E-11
0.4025	9.6466E-08	-9.64448E-08	-1.75E-12
0.405	9.78363E-08	-9.78106E-08	-6.32E-11
0.4075	9.92291E-08	-9.91892E-08	5.29E-11
0.41	1.005935E-07	-1.00558E-07	3.3E-12
0.4125	1.019452E-07	-1.019443E-07	2.225E-11
0.415	1.033384E-07	-1.032988E-07	-6.665E-11
0.4175	1.047212E-07	-1.046723E-07	1.16E-11
0.42	1.060673E-07	-1.060362E-07	-1.12E-11
0.4225	1.074105E-07	-1.074072E-07	3.03E-11
0.425	1.088089E-07	-1.087568E-07	-5.87E-11
0.4275	1.101647E-07	-1.101252E-07	2.135E-11
0.43	1.114952E-07	-1.114737E-07	-3.675E-11
0.4325	1.12819E-07	-1.128165E-07	1.98E-11
0.435	1.142001E-07	-1.141604E-07	-2.325E-11
0.4375	1.15593E-07	-1.155E-07	-3.905E-11
0.44	1.16924E-07	-1.16855E-07	4.685E-11
0.4425	1.18288E-07	-1.18221E-07	-4.765E-11
0.445	1.19646E-07	-1.1957E-07	1.245E-11
0.4475	1.20956E-07	-1.20899E-07	-2.48E-11
0.45	1.22327E-07	-1.22288E-07	1.665E-11
0.4525	1.23694E-07	-1.23627E-07	3.335E-11
0.455	1.25056E-07	-1.24945E-07	-6.305E-11
0.4575	1.26401E-07	-1.26316E-07	4.705E-11
0.46	1.27736E-07	-1.2769E-07	-3.11E-11
0.4625	1.28933E-07	-1.29018E-07	7.475E-11
0.465	1.30492E-07	-1.29741E-07	2.49E-11
0.4675	1.31897E-07	-1.31798E-07	2.24E-11
0.47	1.33266E-07	-1.33189E-07	5.85E-11
0.4725	1.34622E-07	-1.34552E-07	-2.19E-11
0.475	1.36001E-07	-1.35948E-07	9.115E-11
0.4775	1.37387E-07	-1.37304E-07	-3.505E-11
0.48	1.38791E-07	-1.3874E-07	1.65E-11
0.4825	1.40149E-07	-1.40115E-07	-8.29E-11
0.485	1.41506E-07	-1.41415E-07	-8.56E-11
0.4875	1.42891E-07	-1.42842E-07	3.845E-11
0.49	1.44343E-07	-1.44263E-07	-6.905E-11
0.4925	1.45808E-07	-1.45747E-07	-1.665E-11
0.495	1.47225E-07	-1.47199E-07	-5.205E-11
0.4975	1.48692E-07	-1.48627E-07	-3.875E-11
0.5	1.50177E-07	-1.50114E-07	1.2E-11
0	8.813E-12	-9.276E-12	-2.95E-11
0.0025	5.306E-11	-5.0839E-11	-4.08E-11
0.005	9.6717E-11	-9.5387E-11	-9.45E-12
0.0075	1.49742E-10	-1.48074E-10	-4.88E-11
0.01	2.09591E-10	-2.11288E-10	2.725E-11
0.0125	2.77173E-10	-2.84755E-10	-3.3E-12
0.015	3.61112E-10	-3.70735E-10	-7.79E-11
0.0175	4.59193E-10	-4.69987E-10	8.28E-11
0.02	5.74175E-10	-5.86771E-10	-8.135E-11
0.0225	7.06046E-10	-7.15279E-10	5.945E-11
0.025	8.46046E-10	-8.59481E-10	8.92E-11
0.0275	1.00086E-09	-1.01845E-09	1.8E-11
0.03	1.17629E-09	-1.19091E-09	-3.935E-11
0.0325	1.37417E-09	-1.37871E-09	1.875E-11
0.035	1.56697E-09	-1.58025E-09	1.03E-11
0.0375	1.77966E-09	-1.78902E-09	-1.82E-11
0.04	2.00131E-09	-2.01758E-09	1.0035E-10
0.0425	2.23223E-09	-2.25231E-09	-9.6E-11
0.045	2.47342E-09	-2.49797E-09	6.295E-11
0.0475	2.73194E-09	-2.75542E-09	-7.685E-11
0.05	3.00654E-09	-3.02651E-09	-6.255E-11
0.0525	3.29188E-09	-3.31174E-09	6.11E-11
0.055	3.57837E-09	-3.60188E-09	9E-13
0.0575	3.88306E-09	-3.90436E-09	1.18E-11
0.06	4.21019E-09	-4.22204E-09	1.275E-11
0.0625	4.53585E-09	-4.54454E-09	-1.83E-11
0.065	4.86755E-09	-4.87784E-09	-2.895E-11
0.0675	5.20163E-09	-5.22192E-09	4.875E-11
0.07	5.54562E-09	-5.57062E-09	-3.845E-11
0.0725	5.89935E-09	-5.92301E-09	-3E-11
0.075	6.26333E-09	-6.29092E-09	-1.775E-11
0.0775	6.64748E-09	-6.65682E-09	-5.375E-11
0.08	7.02008E-09	-7.03141E-09	5.075E-11
0.0825	7.41494E-09	-7.41814E-09	-5.35E-12
0.085	7.80647E-09	-7.8079E-09	7.21E-11
0.0875	8.1881E-09	-8.18892E-09	5.76E-11
0.09	8.55626E-09	-8.57E-09	-4.65E-11
0.0925	8.94271E-09	-8.95148E-09	-5E-13
0.095	9.31611E-09	-9.32899E-09	3.95E-12
0.0975	9.6898E-09	-9.69633E-09	-2.605E-11
0.1	1.004516E-08	-1.006589E-08	4.815E-11
0.1025	1.042668E-08	-1.043139E-08	5.3E-12
0.105	1.078918E-08	-1.080078E-08	-6.465E-11
0.1075	1.116133E-08	-1.116958E-08	3.045E-11
0.11	1.15511E-08	-1.15505E-08	2.65E-12
0.1125	1.19322E-08	-1.19237E-08	-1.3E-11
0.115	1.2326E-08	-1.23147E-08	5.83E-11
0.1175	1.27319E-08	-1.27169E-08	5.85E-12
0.12	1.31357E-08	-1.31288E-08	2.195E-11
0.1225	1.3577E-08	-1.35542E-08	1.625E-11
0.125	1.40091E-08	-1.40052E-08	9.85E-12
0.1275	1.44547E-08	-1.44504E-08	-9.4E-11
0.13	1.49192E-08	-1.49101E-08	6.55E-11
0.1325	1.53936E-08	-1.53756E-08	2.415E-11
0.135	1.5861E-08	-1.58515E-08	-4.715E-11
0.1375	1.63501E-08	-1.63371E-08	7.395E-11
0.14	1.68433E-08	-1.68148E-08	-2.695E-11
0.1425	1.73136E-08	-1.73121E-08	8.085E-11
0.145	1.78108E-08	-1.77945E-08	-8.79E-11
0.1475	1.82945E-08	-1.82762E-08	2.69E-11
0.15	1.87731E-08	-1.8758E-08	1.925E-11
0.1525	1.92661E-08	-1.92372E-08	4.305E-11
0.155	1.97385E-08	-1.97278E-08	-8.25E-11
0.1575	2.02185E-08	-2.01975E-08	7.765E-11
0.16	2.06918E-08	-2.06779E-08	-5.255E-11
0.1625	2.11725E-08	-2.11574E-08	5.005E-11
0.165	2.1648E-08	-2.16289E-08	-2.41E-11
0.1675	2.2118E-08	-2.21042E-08	6.1E-12
0.17	2.25782E-08	-2.25695E-08	-4.835E-11
0.1725	2.30494E-08	-2.3033E-08	4.44E-11
0.175	2.35131E-08	-2.35039E-08	-2.015E-11
0.1775	2.39831E-08	-2.39703E-08	3.15E-12
0.18	2.44463E-08	-2.44391E-08	1.615E-11
0.1825	2.49007E-08	-2.48897E-08	2.4E-12
0.185	2.53802E-08	-2.53674E-08	-7.07E-11
0.1875	2.58619E-08	-2.58435E-08	5.385E-11
0.19	2.63303E-08	-2.63204E-08	1.935E-11
0.1925	2.68247E-08	-2.68128E-08	-3.075E-11
0.195	2.73072E-08	-2.72949E-08	3.165E-11
0.1975	2.78039E-08	-2.7785E-08	-5.385E-11
0.2	2.83019E-08	-2.82743E-08	1.765E-11
0.2025	2.88013E-08	-2.87783E-08	-5.675E-11
0.205	2.93113E-08	-2.92892E-08	3.3E-12
0.2075	2.98305E-08	-2.98115E-08	2.93E-11
0.21	3.03479E-08	-3.03305E-08	6.42E-11
0.2125	3.08851E-08	-3.08601E-08	-7.645E-11
0.215	3.14241E-08	-3.13912E-08	4.6E-11
0.2175	3.19581E-08	-3.19607E-08	-4.185E-11
0.22	3.25044E-08	-3.24558E-08	3.72E-11
0.2225	3.30742E-08	-3.30504E-08	-4.54E-11
0.225	3.36444E-08	-3.36248E-08	3.885E-11
0.2275	3.42297E-08	-3.42087E-08	-4.73E-11
0.23	3.48133E-08	-3.47871E-08	2.765E-11
0.2325	3.54169E-08	-3.53959E-08	-1.305E-11
0.235	3.60255E-08	-3.60128E-08	-2.02E-11
0.2375	3.66421E-08	-3.66182E-08	-8.95E-12
0.24	3.72754E-08	-3.72571E-08	-7.63E-11
0.2425	3.79025E-08	-3.78893E-08	-1.185E-11
0.245	3.85533E-08	-3.85311E-08	5.575E-11
0.2475	3.92067E-08	-3.9187E-08	-2.435E-11
0.25	3.9878E-08	-3.98525E-08	-2.49E-11
0.2525	4.05535E-08	-4.05389E-08	5.9E-12
0.255	4.12286E-08	-4.12203E-08	-6.995E-11
0.2575	4.19323E-08	-4.19122E-08	3.715E-11
0.26	4.26299E-08	-4.26089E-08	-5.195E-11
0.2625	4.33377E-08	-4.33171E-08	6.52E-11
0.265	4.40612E-08	-4.40422E-08	-6.33E-11
0.2675	4.48024E-08	-4.47843E-08	-1.45E-11
0.27	4.55631E-08	-4.55424E-08	-7.685E-11
0.2725	4.6329E-08	-4.63072E-08	4.33E-11
0.275	4.70961E-08	-4.70798E-08	-3.04E-11
0.2775	4.7885E-08	-4.78692E-08	5.715E-11
0.28	4.8677E-08	-4.86779E-08	-4.09E-11
0.2825	4.95175E-08	-4.94863E-08	-2.36E-11
0.285	5.03544E-08	-5.03423E-08	-2.745E-11
0.2875	5.11868E-08	-5.1161E-08	7.35E-11
0.29	5.20537E-08	-5.20306E-08	-3.655E-11
0.2925	5.29451E-08	-5.29097E-08	1.735E-11
0.295	5.38197E-08	-5.3804E-08	-2.1E-11
0.2975	5.47438E-08	-5.47158E-08	-3.38E-11
0.3	5.56805E-08	-5.56439E-08	3.7E-12
0.3025	5.66032E-08	-5.65752E-08	4.94E-11
0.305	5.75699E-08	-5.75394E-08	-4.085E-11
0.3075	5.85479E-08	-5.85077E-08	1.38E-11
0.31	5.95199E-08	-5.95089E-08	1.795E-11
0.3125	6.05517E-08	-6.05127E-08	-7.465E-11
0.315	6.15925E-08	-6.15707E-08	6.195E-11
0.3175	6.26373E-08	-6.26179E-08	-2.35E-11
0.32	6.36993E-08	-6.36682E-08	4.14E-11
0.3225	6.47921E-08	-6.47538E-08	-7.105E-11
0.325	6.58976E-08	-6.58563E-08	4.75E-12
0.3275	6.69997E-08	-6.6966E-08	-2.65E-11
0.33	6.81461E-08	-6.81337E-08	5.5E-11
0.3325	6.93108E-08	-6.93013E-08	-6.635E-11
0.335	7.05065E-08	-7.04951E-08	4.585E-11
0.3375	7.16923E-08	-7.16858E-08	-5.39E-11
0.34	7.29424E-08	-7.28853E-08	3.385E-11
0.3425	7.41428E-08	-7.41299E-08	-3.005E-11
0.345	7.54115E-08	-7.53827E-08	-1.05E-12
0.3475	7.66853E-08	-7.66439E-08	-3.01E-11
0.35	7.79433E-08	-7.79295E-08	5.45E-11
0.3525	7.92568E-08	-7.92091E-08	-2.515E-11
0.355	8.05775E-08	-8.05428E-08	3.525E-11
0.3575	8.18615E-08	-8.18494E-08	-1.63E-11
0.36	8.31723E-08	-8.31699E-08	4.45E-12
0.3625	8.45099E-08	-8.4463E-08	-6.855E-11
0.365	8.58768E-08	-8.58289E-08	7.57E-11
0.3675	8.7206E-08	-8.71984E-08	3.5E-12
0.37	8.85888E-08	-8.85547E-08	3.4E-12
0.3725	8.99518E-08	-8.99203E-08	4.115E-11
0.375	9.13541E-08	-9.12977E-08	-2.285E-11
0.3775	9.27569E-08	-9.26969E-08	5.155E-11
0.38	9.39815E-08	-9.39171E-08	-6.85E-11
0.3825	9.53757E-08	-9.53575E-08	1.655E-11
0.385	9.67892E-08	-9.67544E-08	-1.2E-12
0.3875	9.82388E-08	-9.81979E-08	-2.22E-11
0.39	9.96609E-08	-9.96677E-08	-3.75E-12
0.3925	1.010796E-07	-1.010464E-07	8.605E-11
0.395	1.025313E-07	-1.024911E-07	-1.715E-11
0.3975	1.039446E-07	-1.03917E-07	2.715E-11
0.4	1.053934E-07	-1.053872E-07	-2.8E-11
0.4025	1.068197E-07	-1.067925E-07	4.9E-12
0.405	1.082516E-07	-1.081804E-07	2.24E-11
0.4075	1.096654E-07	-1.0965E-07	4.895E-11
0.41	1.111083E-07	-1.110848E-07	-2.14E-11
0.4125	1.125099E-07	-1.124912E-07	4.975E-11
0.415	1.139422E-07	-1.139012E-07	-1.73E-11
0.4175	1.15386E-07	-1.15316E-07	-1.54E-11
0.42	1.16759E-07	-1.16683E-07	5.495E-11
0.4225	1.18173E-07	-1.18122E-07	-1.45E-11
0.425	1.19588E-07	-1.19523E-07	5.98E-11
0.4275	1.21018E-07	-1.20956E-07	-3.965E-11
0.43	1.22451E-07	-1.22381E-07	-2.415E-11
0.4325	1.23893E-07	-1.23826E-07	4.91E-11
0.435	1.25303E-07	-1.25241E-07	-6.66E-11
0.4375	1.26705E-07	-1.26655E-07	3.335E-11
0.44	1.28093E-07	-1.28068E-07	-1.6E-11
0.4425	1.29531E-07	-1.29473E-07	-2.725E-11
0.445	1.31009E-07	-1.30907E-07	1.45E-12
0.4475	1.32422E-07	-1.3237E-07	-7.465E-11
0.45	1.33871E-07	-1.33821E-07	-1.14E-11
0.4525	1.35355E-07	-1.35292E-07	-2.89E-11
0.455	1.36811E-07	-1.36732E-07	1.61E-11
0.4575	1.38328E-07	-1.38248E-07	-1.255E-11
0.46	1.39817E-07	-1.39764E-07	5.875E-11
0.4625	1.41322E-07	-1.41267E-07	2.5E-11
0.465	1.4288E-07	-1.42789E-07	-7.785E-11
0.4675	1.44413E-07	-1.44349E-07	3.145E-11
0.47	1.45971E-07	-1.45892E-07	-5.175E-11
0.4725	1.47557E-07	-1.47468E-07	1.6E-12
0.475	1.49063E-07	-1.49033E-07	-3.165E-11
0.4775	1.50669E-07	-1.50588E-07	2.225E-11
0.48	1.52278E-07	-1.52211E-07	6.625E-11
0.4825	1.53936E-07	-1.53844E-07	-2.41E-11
0.485	1.55571E-07	-1.55494E-07	5.61E-11
0.4875	1.57252E-07	-1.57157E-07	6.05E-12
0.49	1.58865E-07	-1.58766E-07	5.795E-11
0.4925	1.60569E-07	-1.60464E-07	8.3E-12
0.495	1.62253E-07	-1.62242E-07	1.06E-11
0.4975	1.6397E-07	-1.63924E-07	2.13E-11
0.5	1.65791E-07	-1.6567E-07	7.05E-12
