-0.5	7.286E-12	5.95E-12	-6.632E-12	
-0.495	7.358E-12	1.995E-11	-7.518E-12	
-0.49	7.265E-12	-4.7E-12	-6.757E-12	
-0.485	7.383E-12	1.06E-11	-8.388E-12	
-0.48	7.258E-12	-1.3E-11	-6.834E-12	
-0.475	7.363E-12	3.3E-12	-9.039E-12	
-0.47	7.219E-12	5.25E-12	-7.06E-12	
-0.465	7.372E-12	-3.6E-12	-8.329E-12	
-0.46	7.192E-12	7.8E-12	-6.985E-12	
-0.455	7.431E-12	-5.65E-12	-7.837E-12	
-0.45	7.221E-12	3.1E-12	-6.496E-12	
-0.445	7.51E-12	1.29E-11	-7.576E-12	
-0.44	7.269E-12	5.95E-12	-6.555E-12	
-0.435	7.44E-12	5.55E-12	-7.393E-12	
-0.43	7.308E-12	1.05E-12	-7.126E-12	
-0.425	7.352E-12	-1.855E-11	-7.399E-12	
-0.42	7.311E-12	1.25E-12	-7.072E-12	
-0.415	7.323E-12	4.6E-12	-7.147E-12	
-0.41	7.416E-12	-1.65E-11	-7.997E-12	
-0.405	7.354E-12	-1.27E-11	-6.913E-12	
-0.4	7.445E-12	-1.9E-12	-8.705E-12	
-0.395	7.31E-12	3.01E-11	-7.001E-12	
-0.39	7.434E-12	7.75E-12	-9.091E-12	
-0.385	7.327E-12	-2.805E-11	-7.236E-12	
-0.38	7.538E-12	-4.9E-12	-8.345E-12	
-0.375	7.281E-12	6.75E-12	-7.029E-12	
-0.37	7.733E-12	3.3E-12	-7.92E-12	
-0.365	7.489E-12	-8.1E-12	-6.633E-12	
-0.36	7.836E-12	-2.85E-12	-7.828E-12	
-0.355	7.521E-12	-1.12E-11	-6.782E-12	
-0.35	7.788E-12	-8.65E-12	-7.729E-12	
-0.345	7.638E-12	-4.2E-12	-7.249E-12	
-0.34	7.731E-12	6.8E-12	-7.674E-12	
-0.335	7.789E-12	-6.8E-12	-7.664E-12	
-0.33	7.683E-12	-1.125E-11	-7.547E-12	
-0.325	7.804E-12	2.65E-12	-8.686E-12	
-0.32	7.645E-12	-2.7E-12	-7.177E-12	
-0.315	7.869E-12	-1.315E-11	-9.085E-12	
-0.31	7.647E-12	-2E-13	-7.498E-12	
-0.305	7.905E-12	-1.5E-13	-9.453E-12	
-0.3	7.581E-12	-7E-13	-7.551E-12	
-0.295	8.148E-12	-7E-13	-8.347E-12	
-0.29	7.697E-12	-1.585E-11	-7.456E-12	
-0.285	8.244E-12	1.325E-11	-8.214E-12	
-0.28	7.847E-12	7.55E-12	-7.219E-12	
-0.275	8.259E-12	6E-13	-8.086E-12	
-0.27	7.91E-12	3.435E-11	-7.317E-12	
-0.265	8.232E-12	-9.05E-12	-8.153E-12	
-0.26	8.219E-12	3E-13	-7.647E-12	
-0.255	8.349E-12	6.85E-12	-8.379E-12	
-0.25	8.442E-12	2.55E-11	-8.022E-12	
-0.245	8.414E-12	1.47E-11	-8.177E-12	
-0.24	8.667E-12	2.02E-11	-9.229E-12	
-0.235	8.488E-12	-7.75E-12	-8.048E-12	
-0.23	8.829E-12	7.2E-12	-1.0006E-11	
-0.225	8.613E-12	1.2E-12	-8.44E-12	
-0.22	8.935E-12	-6.55E-12	-1.0035E-11	
-0.215	8.709E-12	1.41E-11	-8.502E-12	
-0.21	9.022E-12	-6.8E-12	-9.555E-12	
-0.205	8.756E-12	-1.065E-11	-8.514E-12	
-0.2	9.155E-12	-2.5E-12	-9.424E-12	
-0.195	8.793E-12	1.365E-11	-8.225E-12	
-0.19	9.165E-12	8E-13	-9.126E-12	
-0.185	8.822E-12	4.3E-12	-8.164E-12	
-0.18	9.339E-12	-1E-13	-9.183E-12	
-0.175	8.762E-12	8.8E-12	-8.544E-12	
-0.17	8.945E-12	-3.05E-12	-8.673E-12	
-0.165	8.694E-12	-1.365E-11	-8.639E-12	
-0.16	8.535E-12	-1.35E-11	-8.07E-12	
-0.155	8.566E-12	-4.9E-12	-9.957E-12	
-0.15	8.178E-12	8.35E-12	-7.705E-12	
-0.145	8.388E-12	4.95E-12	-9.87E-12	
-0.14	7.961E-12	-2.905E-11	-7.859E-12	
-0.135	8.24E-12	6.5E-13	-9.942E-12	
-0.13	7.67E-12	-4.1E-12	-7.658E-12	
-0.125	8.357E-12	5.95E-12	-8.683E-12	
-0.12	7.744E-12	9.95E-12	-7.286E-12	
-0.115	8.451E-12	3E-12	-8.309E-12	
-0.11	7.978E-12	-2.955E-11	-7.449E-12	
-0.105	8.626E-12	-9.2E-12	-8.191E-12	
-0.1	8.033E-12	-1.905E-11	-8.055E-12	
-0.095	8.378E-12	8.4E-12	-8.303E-12	
-0.09	8.177E-12	8.15E-12	-8.54E-12	
-0.085	8.387E-12	-2.7E-12	-8.254E-12	
-0.08	8.644E-12	-2.885E-11	-9.06E-12	
-0.075	8.571E-12	-3.45E-12	-8.184E-12	
-0.07	9.185E-12	-2.7E-12	-1.0312E-11	
-0.065	8.898E-12	1.565E-11	-8.387E-12	
-0.06	9.478E-12	-8.2E-12	-1.1566E-11	
-0.055	8.991E-12	1.55E-12	-9.022E-12	
-0.05	1.0165E-11	4.8E-12	-1.1125E-11	
-0.045	9.118E-12	1.35E-12	-9.528E-12	
-0.04	1.1307E-11	-5.5E-12	-1.0693E-11	
-0.035	9.783E-12	-6.25E-12	-1.0043E-11	
-0.03	1.235E-11	-1.3E-12	-1.0942E-11	
-0.025	1.0858E-11	-1.97E-11	-1.1241E-11	
-0.02	1.2602E-11	6.1E-12	-1.1568E-11	
-0.015	1.1776E-11	3.75E-12	-1.2954E-11	
-0.01	1.2694E-11	-4.75E-12	-1.2657E-11	
-0.005	1.2686E-11	5E-12	-1.5115E-11	
0	1.2943E-11	2.25E-12	-1.4865E-11	
0.005	1.6218E-11	-1.44E-11	-1.7049E-11	
0.01	1.7779E-11	2.835E-11	-1.8716E-11	
0.015	2.2906E-11	-1.05E-12	-2.2302E-11	
0.02	2.5246E-11	2.5E-13	-2.6124E-11	
0.025	3.1656E-11	2.37E-11	-3.0887E-11	
0.03	3.6631E-11	-1.25E-11	-3.6464E-11	
0.035	4.2952E-11	-2.1E-12	-4.2513E-11	
0.04	5.0159E-11	-1.535E-11	-5.0261E-11	
0.045	5.6777E-11	-2.7E-12	-5.7625E-11	
0.05	6.6323E-11	6.6E-12	-6.6531E-11	
0.055	7.4181E-11	-1.25E-12	-7.438E-11	
0.06	8.5753E-11	9.15E-12	-8.5445E-11	
0.065	9.4951E-11	-1.65E-12	-9.5331E-11	
0.07	1.07399E-10	-7.5E-13	-1.07159E-10	
0.075	1.19134E-10	-3.3E-12	-1.19189E-10	
0.08	1.3321E-10	-7.8E-12	-1.32312E-10	
0.085	1.46595E-10	-7.2E-12	-1.475E-10	
0.09	1.60275E-10	4.2E-12	-1.61375E-10	
0.095	1.792E-10	9.5E-13	-1.7781E-10	
0.1	1.9417E-10	3.1E-12	-1.93709E-10	
0.105	2.14091E-10	-7.65E-12	-2.13892E-10	
0.11	2.31257E-10	-2.045E-11	-2.31807E-10	
0.115	2.52437E-10	-8.25E-12	-2.52768E-10	
0.12	2.73441E-10	5.8E-12	-2.73617E-10	
0.125	2.96869E-10	7.35E-12	-2.94601E-10	
0.13	3.18339E-10	-5.5E-13	-3.19454E-10	
0.135	3.4418E-10	1.2E-11	-3.43397E-10	
0.14	3.7052E-10	1.45E-12	-3.70228E-10	
0.145	3.95216E-10	5.75E-12	-3.94697E-10	
0.15	4.2507E-10	1.4E-12	-4.24719E-10	
0.155	4.51676E-10	1.5E-13	-4.51901E-10	
0.16	4.82429E-10	6.85E-12	-4.81438E-10	
0.165	5.09685E-10	1.74E-11	-5.08369E-10	
0.17	5.29852E-10	2.6E-12	-5.34978E-10	
0.175	5.54795E-10	2.665E-11	-5.54553E-10	
0.18	5.70487E-10	-6.95E-12	-5.72069E-10	
0.185	5.83929E-10	3.25E-12	-5.81529E-10	
0.19	5.90725E-10	-1.2E-11	-5.9111E-10	
0.195	5.96539E-10	2.05E-12	-5.95891E-10	
0.2	5.99289E-10	-6E-12	-5.98962E-10	
0.205	6.03445E-10	-6.65E-12	-6.03626E-10	
0.21	6.03844E-10	2.5E-13	-6.03642E-10	
0.215	6.03983E-10	2.35E-12	-6.05512E-10	
0.22	6.06421E-10	-4.45E-12	-6.03856E-10	
0.225	6.05502E-10	-1.64E-11	-6.07411E-10	
0.23	6.0766E-10	1.03E-11	-6.06179E-10	
0.235	6.07037E-10	-5.25E-12	-6.0826E-10	
0.24	6.09077E-10	-1.84E-11	-6.07808E-10	
0.245	6.08136E-10	3.535E-11	-6.07083E-10	
0.25	6.10092E-10	-7.4E-12	-6.11314E-10	
0.255	6.09152E-10	1.75E-12	-6.09145E-10	
0.26	6.09813E-10	1.405E-11	-6.10365E-10	
0.265	6.10659E-10	-6.15E-12	-6.08417E-10	
0.27	6.081E-10	-1.2E-12	-6.10063E-10	
0.275	6.10199E-10	1.1E-12	-6.08983E-10	
0.28	6.09528E-10	4.05E-12	-6.10698E-10	
0.285	6.11217E-10	8.95E-12	-6.09368E-10	
0.29	6.10172E-10	2.45E-12	-6.08867E-10	
0.295	6.11576E-10	9E-12	-6.13334E-10	
0.3	6.10484E-10	-6.95E-12	-6.10365E-10	
0.305	6.10481E-10	-6.8E-12	-6.11391E-10	
0.31	6.11762E-10	1.23E-11	-6.09586E-10	
0.315	6.08701E-10	-1.11E-11	-6.11318E-10	
0.32	6.10815E-10	-2.5E-12	-6.10005E-10	
0.325	6.09928E-10	3.1E-12	-6.11025E-10	
0.33	6.11929E-10	4.75E-12	-6.09162E-10	
0.335	6.10447E-10	-1.14E-11	-6.09891E-10	
0.34	6.11424E-10	-4.6E-12	-6.12406E-10	
0.345	6.10521E-10	-1.785E-11	-6.10738E-10	
0.35	6.11558E-10	-2.2E-12	-6.11838E-10	
0.355	6.11979E-10	-3.4E-12	-6.0984E-10	
0.36	6.09056E-10	9.15E-12	-6.11292E-10	
0.365	6.11523E-10	-1.05E-12	-6.10316E-10	
0.37	6.10417E-10	1.325E-11	-6.11499E-10	
0.375	6.11963E-10	-8.4E-12	-6.09008E-10	
0.38	6.10697E-10	-2.35E-11	-6.10207E-10	
0.385	6.11731E-10	1.8E-12	-6.12089E-10	
0.39	6.10408E-10	2.885E-11	-6.10597E-10	
0.395	6.12836E-10	5.15E-12	-6.12797E-10	
0.4	6.11554E-10	4.45E-12	-6.10142E-10	
0.405	6.09208E-10	-1.5E-13	-6.11157E-10	
0.41	6.10972E-10	8.7E-12	-6.09864E-10	
0.415	6.09738E-10	-5.7E-12	-6.1097E-10	
0.42	6.11143E-10	2.5E-12	-6.08838E-10	
0.425	6.10655E-10	7.6E-12	-6.11041E-10	
0.43	6.12445E-10	-9.95E-12	-6.12813E-10	
0.435	6.11463E-10	-4.1E-12	-6.11103E-10	
0.44	6.12782E-10	-2.4E-12	-6.13727E-10	
0.445	6.12276E-10	-1.11E-11	-6.12042E-10	
0.45	6.10511E-10	-1.55E-12	-6.12383E-10	
0.455	6.1127E-10	-2.755E-11	-6.09844E-10	
0.46	6.09946E-10	4.85E-12	-6.11264E-10	
0.465	6.11598E-10	1.415E-11	-6.0958E-10	
0.47	6.10458E-10	4.35E-12	-6.11276E-10	
0.475	6.11734E-10	5.15E-12	-6.10996E-10	
0.48	6.10445E-10	-1.54E-11	-6.09877E-10	
0.485	6.126E-10	5.85E-12	-6.13812E-10	
0.49	6.11087E-10	-1.55E-12	-6.10982E-10	
0.495	6.10557E-10	-8E-13	-6.11592E-10	
0.5	6.11541E-10	3.55E-12	-6.09392E-10	
0.5	6.11431E-10	-1.095E-11	-6.1229E-10	
0.495	6.12944E-10	1.96E-11	-6.09481E-10	
0.49	6.11803E-10	-8.7E-12	-6.1184E-10	
0.485	6.12826E-10	-1.395E-11	-6.13435E-10	
0.48	6.10618E-10	-2.58E-11	-6.10574E-10	
0.475	6.13078E-10	-8.9E-12	-6.13166E-10	
0.47	6.12063E-10	-4.05E-12	-6.11031E-10	
0.465	6.09963E-10	5.25E-12	-6.11805E-10	
0.46	6.10991E-10	1.265E-11	-6.09776E-10	
0.455	6.10166E-10	1.44E-11	-6.11411E-10	
0.45	6.11256E-10	-3.05E-12	-6.09422E-10	
0.445	6.10519E-10	4.5E-12	-6.10935E-10	
0.44	6.11503E-10	7.3E-12	-6.10894E-10	
0.435	6.10395E-10	5.65E-12	-6.09867E-10	
0.43	6.12305E-10	5.8E-12	-6.1294E-10	
0.425	6.11002E-10	1.69E-11	-6.1088E-10	
0.42	6.10286E-10	4.5E-12	-6.11486E-10	
0.415	6.11123E-10	3.22E-11	-6.09196E-10	
0.41	6.09267E-10	-5.05E-12	-6.1113E-10	
0.405	6.10511E-10	-1.16E-11	-6.09705E-10	
0.4	6.10208E-10	-2.525E-11	-6.10907E-10	
0.395	6.11738E-10	-1.745E-11	-6.10729E-10	
0.39	6.09818E-10	6.9E-12	-6.09108E-10	
0.385	6.11454E-10	-1.125E-11	-6.13282E-10	
0.38	6.10235E-10	-4.4E-12	-6.0961E-10	
0.375	6.0965E-10	4.9E-12	-6.1088E-10	
0.37	6.11024E-10	-2.59E-11	-6.08959E-10	
0.365	6.07655E-10	1.1E-12	-6.10486E-10	
0.36	6.09852E-10	2.95E-12	-6.08927E-10	
0.355	6.09261E-10	4.5E-12	-6.1061E-10	
0.35	6.11277E-10	6E-13	-6.09046E-10	
0.345	6.0992E-10	9E-12	-6.0895E-10	
0.34	6.10733E-10	4E-13	-6.12029E-10	
0.335	6.09627E-10	2.3E-12	-6.09788E-10	
0.33	6.10612E-10	4.55E-12	-6.10053E-10	
0.325	6.10736E-10	-1.95E-12	-6.0885E-10	
0.32	6.08492E-10	-5.85E-12	-6.10242E-10	
0.315	6.10056E-10	1.49E-11	-6.09185E-10	
0.31	6.09251E-10	-9.05E-12	-6.10198E-10	
0.305	6.10959E-10	3.465E-11	-6.08303E-10	
0.3	6.09588E-10	-8.25E-12	-6.0887E-10	
0.295	6.10084E-10	1.5E-13	-6.1142E-10	
0.29	6.09141E-10	-1.67E-11	-6.09712E-10	
0.285	6.09851E-10	-1.095E-11	-6.09965E-10	
0.28	6.10229E-10	-2.25E-12	-6.08367E-10	
0.275	6.07238E-10	-3E-12	-6.09811E-10	
0.27	6.09382E-10	-6.4E-12	-6.08203E-10	
0.265	6.08606E-10	1.67E-11	-6.0924E-10	
0.26	6.09548E-10	-8.85E-12	-6.06499E-10	
0.255	6.08314E-10	-4E-13	-6.08143E-10	
0.25	6.09102E-10	1.09E-11	-6.09503E-10	
0.245	6.07478E-10	-1.9E-12	-6.07706E-10	
0.24	6.09526E-10	8.1E-12	-6.09683E-10	
0.235	6.08129E-10	1.87E-11	-6.0739E-10	
0.23	6.05275E-10	6.8E-12	-6.07112E-10	
0.225	6.05861E-10	1.42E-11	-6.0478E-10	
0.22	6.04494E-10	7E-13	-6.05392E-10	
0.215	6.04185E-10	-1.775E-11	-6.02633E-10	
0.21	6.01579E-10	-9.1E-12	-6.02307E-10	
0.205	6.00895E-10	-1.7E-12	-5.9976E-10	
0.2	5.96409E-10	1.99E-11	-5.96034E-10	
0.195	5.93481E-10	-5.85E-12	-5.9368E-10	
0.19	5.86217E-10	6.5E-12	-5.86309E-10	
0.185	5.74622E-10	-1E-11	-5.76774E-10	
0.18	5.61261E-10	1.05E-12	-5.60905E-10	
0.175	5.40553E-10	-3.7E-12	-5.41237E-10	
0.17	5.16621E-10	4.3E-12	-5.17076E-10	
0.165	4.87384E-10	1.2E-12	-4.87183E-10	
0.16	4.60462E-10	-2.35E-11	-4.60475E-10	
0.155	4.29424E-10	1.615E-11	-4.29947E-10	
0.15	4.02611E-10	-9.8E-12	-4.02939E-10	
0.145	3.73434E-10	4E-13	-3.74178E-10	
0.14	3.49347E-10	6.6E-12	-3.48499E-10	
0.135	3.23642E-10	-1.6E-12	-3.23895E-10	
0.13	2.99299E-10	-3.3E-12	-2.99916E-10	
0.125	2.77595E-10	-3.25E-12	-2.77564E-10	
0.12	2.54856E-10	4.7E-12	-2.55387E-10	
0.115	2.3677E-10	1.3E-12	-2.36182E-10	
0.11	2.14567E-10	3.385E-11	-2.1482E-10	
0.105	1.9813E-10	6.75E-12	-1.97584E-10	
0.1	1.78427E-10	4.6E-12	-1.79456E-10	
0.095	1.64137E-10	4E-13	-1.62889E-10	
0.09	1.48011E-10	-2.45E-12	-1.47819E-10	
0.085	1.33659E-10	-1.26E-11	-1.33055E-10	
0.08	1.19337E-10	5.15E-12	-1.19852E-10	
0.075	1.05568E-10	-8.85E-12	-1.06349E-10	
0.07	9.5813E-11	2.93E-11	-9.5308E-11	
0.065	8.2889E-11	5.55E-12	-8.3443E-11	
0.06	7.4049E-11	-7.6E-12	-7.3545E-11	
0.055	6.3071E-11	-3.09E-11	-6.3638E-11	
0.05	5.5422E-11	-1.045E-11	-5.4965E-11	
0.045	4.699E-11	-1.135E-11	-4.7567E-11	
0.04	4.0944E-11	3.2E-12	-3.992E-11	
0.035	3.377E-11	-5.5E-12	-3.3983E-11	
0.03	2.7121E-11	9.2E-12	-2.7806E-11	
0.025	2.311E-11	6.9E-12	-2.3435E-11	
0.02	1.8068E-11	1.185E-11	-1.8604E-11	
0.015	1.5851E-11	1.35E-11	-1.5231E-11	
0.01	1.2823E-11	3.4E-12	-1.1873E-11	
0.005	1.22E-11	4.35E-12	-1.0019E-11	
0	1.1158E-11	2.01E-11	-8.441E-12	
-0.005	1.3241E-11	1.055E-11	-9.378E-12	
-0.01	1.1844E-11	2.91E-11	-1.0702E-11	
-0.015	1.1396E-11	3.5E-12	-9.971E-12	
-0.02	1.0381E-11	-2.745E-11	-1.1088E-11	
-0.025	9.39E-12	-1.71E-11	-9.06E-12	
-0.03	9.951E-12	6E-12	-1.0666E-11	
-0.035	8.428E-12	-2.365E-11	-8.778E-12	
-0.04	9.526E-12	6E-13	-9.002E-12	
-0.045	7.883E-12	2.01E-11	-8.507E-12	
-0.05	8.84E-12	-4.3E-12	-7.562E-12	
-0.055	7.732E-12	1.71E-11	-7.642E-12	
-0.06	7.846E-12	-7.1E-12	-7.316E-12	
-0.065	7.506E-12	-1.715E-11	-7.702E-12	
-0.07	7.296E-12	-2.295E-11	-7.169E-12	
-0.075	7.803E-12	-3.215E-11	-8.062E-12	
-0.08	7.297E-12	1.01E-11	-7.479E-12	
-0.085	7.785E-12	-4.35E-12	-8.126E-12	
-0.09	7.07E-12	2.75E-12	-7.642E-12	
-0.095	7.99E-12	7.7E-12	-6.975E-12	
-0.1	7.262E-12	-1.335E-11	-6.875E-12	
-0.105	7.504E-12	1.5E-12	-6.861E-12	
-0.11	7.229E-12	-3E-12	-6.822E-12	
-0.115	7.17E-12	-9E-13	-6.831E-12	
-0.12	7.436E-12	-1.3E-12	-8.419E-12	
-0.125	6.951E-12	1.865E-11	-7.472E-12	
-0.13	7.431E-12	7.05E-12	-7.618E-12	
-0.135	6.973E-12	1.5E-13	-7.95E-12	
-0.14	7.835E-12	6.6E-12	-6.563E-12	
-0.145	7.299E-12	-7.95E-12	-7.654E-12	
-0.15	7.952E-12	-1.32E-11	-6.988E-12	
-0.155	7.685E-12	-2.25E-12	-6.722E-12	
-0.16	7.891E-12	-1.56E-11	-7.212E-12	
-0.165	8.31E-12	2.04E-11	-8.372E-12	
-0.17	8.007E-12	-6.05E-12	-7.785E-12	
-0.175	8.435E-12	1.35E-12	-9.708E-12	
-0.18	8.124E-12	4.95E-12	-8.389E-12	
-0.185	8.567E-12	-9.5E-12	-8.089E-12	
-0.19	8.286E-12	-1.845E-11	-8.164E-12	
-0.195	8.827E-12	-9.75E-12	-8.203E-12	
-0.2	8.461E-12	-2.13E-11	-7.282E-12	
-0.205	8.498E-12	3.75E-12	-8.023E-12	
-0.21	8.469E-12	-9.1E-12	-8.075E-12	
-0.215	8.275E-12	2.4E-12	-8.218E-12	
-0.22	8.267E-12	-4.9E-12	-9.843E-12	
-0.225	7.988E-12	-5E-12	-8.345E-12	
-0.23	8.122E-12	-1.95E-12	-8.337E-12	
-0.235	7.885E-12	6.1E-12	-8.338E-12	
-0.24	8.11E-12	7E-13	-7.646E-12	
-0.245	7.823E-12	9.35E-12	-7.122E-12	
-0.25	7.807E-12	8.15E-12	-7.428E-12	
-0.255	7.817E-12	-1.65E-12	-7.344E-12	
-0.26	7.659E-12	9.45E-12	-7.567E-12	
-0.265	7.835E-12	1.72E-11	-7.855E-12	
-0.27	7.504E-12	2.15E-12	-7.44E-12	
-0.275	7.776E-12	8.8E-12	-7.969E-12	
-0.28	7.443E-12	2.615E-11	-7.526E-12	
-0.285	7.704E-12	4.5E-13	-7.533E-12	
-0.29	7.511E-12	4.39E-11	-6.94E-12	
-0.295	7.572E-12	-5.85E-12	-7.361E-12	
-0.3	7.45E-12	-1.3E-12	-7.308E-12	
-0.305	7.359E-12	-2.84E-11	-7.176E-12	
-0.31	7.487E-12	-8.4E-12	-7.989E-12	
-0.315	7.299E-12	1.105E-11	-7.027E-12	
-0.32	7.415E-12	-1.165E-11	-8.044E-12	
-0.325	7.181E-12	8.5E-13	-7.124E-12	
-0.33	7.49E-12	3E-12	-7.392E-12	
-0.335	7.256E-12	-1.415E-11	-6.807E-12	
-0.34	7.279E-12	4.4E-12	-7.181E-12	
-0.345	7.228E-12	3.85E-12	-6.833E-12	
-0.35	7.1E-12	2E-12	-7.051E-12	
-0.355	7.278E-12	-4.75E-12	-7.751E-12	
-0.36	7.096E-12	1.455E-11	-7.063E-12	
-0.365	7.172E-12	4.9E-12	-7.431E-12	
-0.37	7.09E-12	4.05E-12	-7.223E-12	
-0.375	7.37E-12	4.7E-12	-7.08E-12	
-0.38	7.166E-12	-1.51E-11	-6.949E-12	
-0.385	7.256E-12	0	-7.009E-12	
-0.39	7.106E-12	-5.45E-12	-6.743E-12	
-0.395	7.079E-12	1.95E-12	-6.94E-12	
-0.4	7.246E-12	1.98E-11	-7.216E-12	
-0.405	7.088E-12	-8.05E-12	-6.839E-12	
-0.41	7.181E-12	3.9E-12	-7.588E-12	
-0.415	7.032E-12	-2.75E-12	-7.16E-12	
-0.42	7.278E-12	-3.15E-12	-7.095E-12	
-0.425	7.106E-12	-1.865E-11	-6.929E-12	
-0.43	7.362E-12	-1.01E-11	-6.995E-12	
-0.435	7.093E-12	-1.105E-11	-6.563E-12	
-0.44	7.082E-12	-1.6E-12	-6.94E-12	
-0.445	7.125E-12	9.4E-12	-6.972E-12	
-0.45	7.019E-12	-1.35E-12	-6.869E-12	
-0.455	7.074E-12	-9.7E-12	-7.534E-12	
-0.46	6.935E-12	-2E-11	-7.009E-12	
-0.465	7.07E-12	-6.35E-12	-7.079E-12	
-0.47	7.026E-12	5.25E-12	-7.216E-12	
-0.475	7.18E-12	1.15E-12	-6.879E-12	
-0.48	7.042E-12	8.95E-12	-6.433E-12	
-0.485	7.07E-12	7.15E-12	-6.813E-12	
-0.49	7.111E-12	-1.7E-11	-6.752E-12	
-0.495	6.953E-12	8.7E-12	-6.888E-12	
-0.5	7.08E-12	2.26E-11	-7.16E-12	
