0	0.153814	-1.5E-14
0.0025	0.155878	4.1E-14
0.005	0.162718	3E-15
0.0075	0.168038	2.8E-14
0.01	0.16615	1.3E-14
0.0125	0.159856	2E-15
0.015	0.156856	1.2E-14
0.0175	0.164676	2.9E-14
0.02	0.167974	4.3E-14
0.0225	0.16485	4.7E-14
0.025	0.157986	5.4E-14
0.0275	0.151738	4.9E-14
0.03	0.153138	5.5E-14
0.0325	0.16041	8.8E-14
0.035	0.163634	1.45E-13
0.0375	0.16419	2.15E-13
0.04	0.172996	3.24E-13
0.0425	0.176418	4.04E-13
0.045	0.171066	5.32E-13
0.0475	0.159738	6.28E-13
0.05	0.15751	7.96E-13
0.0525	0.161408	1.044E-12
0.055	0.163202	1.23E-12
0.0575	0.16536	1.474E-12
0.06	0.162574	1.718E-12
0.0625	0.159364	1.965E-12
0.065	0.157772	2.173E-12
0.0675	0.16284	2.476E-12
0.07	0.168066	2.849E-12
0.0725	0.169518	3.143E-12
0.075	0.167322	3.499E-12
0.0775	0.172128	3.816E-12
0.08	0.17552	4.144E-12
0.0825	0.175238	4.42E-12
0.085	0.171492	4.783E-12
0.0875	0.163246	5.168E-12
0.09	0.156326	5.58E-12
0.0925	0.15977	5.95E-12
0.095	0.16141	6.306E-12
0.0975	0.157854	6.676E-12
0.1	0.157822	7.006E-12
0.1025	0.16652	7.38E-12
0.105	0.173392	7.783E-12
0.1075	0.170534	8.178E-12
0.11	0.167294	8.669E-12
0.1125	0.164162	9.054E-12
0.115	0.160846	9.457E-12
0.1175	0.154368	9.869E-12
0.12	0.152506	1.0321E-11
0.1225	0.158818	1.0756E-11
0.125	0.166104	1.1191E-11
0.1275	0.165468	1.1588E-11
0.13	0.155354	1.201E-11
0.1325	0.148778	1.2433E-11
0.135	0.15253	1.2837E-11
0.1375	0.16004	1.3294E-11
0.14	0.161438	1.3743E-11
0.1425	0.14733	1.4197E-11
0.145	0.13451	1.4626E-11
0.1475	0.132268	1.5066E-11
0.15	0.147042	1.5515E-11
0.1525	0.162496	1.5932E-11
0.155	0.167086	1.6398E-11
0.1575	0.16699	1.6877E-11
0.16	0.164492	1.7387E-11
0.1625	0.166794	1.7878E-11
0.165	0.168498	1.8473E-11
0.1675	0.164046	1.8919E-11
0.17	0.158262	1.9346E-11
0.1725	0.154424	1.9616E-11
0.175	0.160932	2.007E-11
0.1775	0.17139	2.056E-11
0.18	0.174602	2.103E-11
0.1825	0.171494	2.1456E-11
0.185	0.173464	2.1919E-11
0.1875	0.176192	2.2406E-11
0.19	0.17098	2.2848E-11
0.1925	0.160424	2.3364E-11
0.195	0.154792	2.3882E-11
0.1975	0.155944	2.4313E-11
0.2	0.160458	2.4744E-11
0.2025	0.165466	2.5226E-11
0.205	0.17092	2.5648E-11
0.2075	0.176044	2.6138E-11
0.21	0.170854	2.668E-11
0.2125	0.1601	2.7169E-11
0.215	0.154344	2.7646E-11
0.2175	0.156388	2.8074E-11
0.22	0.157726	2.8538E-11
0.2225	0.15876	2.9055E-11
0.225	0.16075	2.9525E-11
0.2275	0.162664	3.0081E-11
0.23	0.168978	3.0456E-11
0.2325	0.17077	3.0915E-11
0.235	0.160476	3.1454E-11
0.2375	0.155886	3.2081E-11
0.24	0.159334	3.2491E-11
0.2425	0.170372	3.2906E-11
0.245	0.177034	3.3354E-11
0.2475	0.17427	3.3579E-11
0.25	0.166726	3.3633E-11
0.2525	0.161968	3.4146E-11
0.255	0.163092	3.4523E-11
0.2575	0.16631	3.5103E-11
0.26	0.16397	3.5468E-11
0.2625	0.16261	3.5992E-11
0.265	0.16174	3.6512E-11
0.2675	0.165316	3.6951E-11
0.27	0.1626	3.7312E-11
0.2725	0.158808	3.7859E-11
0.275	0.157446	3.8242E-11
0.2775	0.16003	3.876E-11
0.28	0.165868	3.936E-11
0.2825	0.16583	3.9742E-11
0.285	0.163098	4.0152E-11
0.2875	0.16629	4.0632E-11
0.29	0.16557	4.1081E-11
0.2925	0.159618	4.1672E-11
0.295	0.15461	4.217E-11
0.2975	0.159316	4.2588E-11
0.3	0.163768	4.3069E-11
0.3025	0.16446	4.3565E-11
0.305	0.162968	4.4087E-11
0.3075	0.162564	4.4573E-11
0.31	0.161354	4.5029E-11
0.3125	0.163118	4.5482E-11
0.315	0.169336	4.5919E-11
0.3175	0.175612	4.6455E-11
0.32	0.182616	4.7019E-11
0.3225	0.181706	4.7582E-11
0.325	0.170786	4.793E-11
0.3275	0.16036	4.8388E-11
0.33	0.156586	4.8846E-11
0.3325	0.159992	4.9367E-11
0.335	0.159092	4.9912E-11
0.3375	0.16285	5.0462E-11
0.34	0.16645	5.0938E-11
0.3425	0.167114	5.1295E-11
0.345	0.165054	5.175E-11
0.3475	0.166168	5.2367E-11
0.35	0.168604	5.286E-11
0.3525	0.168568	5.3282E-11
0.355	0.166418	5.3754E-11
0.3575	0.165266	5.4179E-11
0.36	0.16692	5.4718E-11
0.3625	0.16875	5.5258E-11
0.365	0.167636	5.5774E-11
0.3675	0.165828	5.62E-11
0.37	0.16675	5.6637E-11
0.3725	0.172408	5.7266E-11
0.375	0.179034	5.7763E-11
0.3775	0.182702	5.8285E-11
0.38	0.179926	5.8713E-11
0.3825	0.172608	5.9136E-11
0.385	0.166974	5.9562E-11
0.3875	0.161816	6.0021E-11
0.39	0.157656	6.0533E-11
0.3925	0.163378	6.107E-11
0.395	0.1705	6.176E-11
0.3975	0.172686	6.2082E-11
0.4	0.175618	6.2626E-11
0.4025	0.176458	6.3379E-11
0.405	0.17447	6.3729E-11
0.4075	0.170082	6.434E-11
0.41	0.164696	6.4863E-11
0.4125	0.159548	6.5299E-11
0.415	0.158644	6.5582E-11
0.4175	0.163502	6.6043E-11
0.42	0.170226	6.6382E-11
0.4225	0.17466	6.7011E-11
0.425	0.17113	6.7913E-11
0.4275	0.15679	6.8422E-11
0.43	0.147448	7.0724E-11
0.4325	0.14873	7.0952E-11
0.435	0.160464	7.0969E-11
0.4375	0.171816	7.1375E-11
0.44	0.173616	7.1372E-11
0.4425	0.170286	7.1855E-11
0.445	0.17189	7.254E-11
0.4475	0.174818	7.3114E-11
0.45	0.176336	7.3901E-11
0.4525	0.174376	7.4714E-11
0.455	0.170502	7.5474E-11
0.4575	0.168932	7.6282E-11
0.46	0.167728	7.6628E-11
0.4625	0.169932	7.7177E-11
0.465	0.16894	7.8384E-11
0.4675	0.166346	7.8757E-11
0.47	0.16321	7.9539E-11
0.4725	0.163482	8.0422E-11
0.475	0.168538	8.0517E-11
0.4775	0.177802	8.1059E-11
0.48	0.183686	8.1514E-11
0.4825	0.180222	8.2025E-11
0.485	0.174218	8.2293E-11
0.4875	0.172158	8.3731E-11
0.49	0.168928	8.4561E-11
0.4925	0.166306	8.5064E-11
0.495	0.16389	8.4737E-11
0.4975	0.159072	8.4974E-11
0.5	0.152926	8.5928E-11
