0	0.133324	-4.8E-14
0.0025	0.297174	-4.6E-14
0.005	0.153004	-4.8E-14
0.0075	0.280446	-4.5E-14
0.01	0.10246	-4E-14
0.0125	0.11165	-3.4E-14
0.015	0.185486	-4.2E-14
0.0175	0.12258	-4.7E-14
0.02	0.220464	-4.9E-14
0.0225	0.139874	-4.7E-14
0.025	0.21046	-5.6E-14
0.0275	0.176912	-4.3E-14
0.03	0.225932	-4.6E-14
0.0325	0.161422	-4.5E-14
0.035	0.09024	-4.8E-14
0.0375	0.184262	-2.5E-14
0.04	0.086326	-3.5E-14
0.0425	0.225978	-4.5E-14
0.045	0.084932	-5E-14
0.0475	0.049536	-4.7E-14
0.05	0.054346	-5.4E-14
0.0525	0.058938	-4.6E-14
0.055	0.078928	-3.8E-14
0.0575	0.142772	-5.4E-14
0.06	0.084204	-3.8E-14
0.0625	0.160434	-3.2E-14
0.065	0.06206	-2.8E-14
0.0675	0.045852	-4.5E-14
0.07	0.12639	-4.5E-14
0.0725	0.100152	-4.7E-14
0.075	0.105396	-5.3E-14
0.0775	0.13846	-5.9E-14
0.08	0.043356	-6E-14
0.0825	0.193536	-5.2E-14
0.085	0.07274	-7E-14
0.0875	0.117752	-6.1E-14
0.09	0.130098	-5.4E-14
0.0925	0.107878	-4.8E-14
0.095	0.07103	-4.9E-14
0.0975	0.13363	-5.7E-14
0.1	0.222884	-6.1E-14
0.1025	0.167058	-2E-15
0.105	0.198468	-2E-15
0.1075	0.059426	-6.7E-14
0.11	0.059346	-6.1E-14
0.1125	0.136928	-6.8E-14
0.115	0.14763	-6.6E-14
0.1175	0.077066	-5.9E-14
0.12	0.18069	-6.5E-14
0.1225	0.124714	-6.1E-14
0.125	0.154042	-6.9E-14
0.1275	0.158332	-6.9E-14
0.13	0.268712	-7E-14
0.1325	0.213494	-7.4E-14
0.135	0.16357	-6.3E-14
0.1375	0.12009	-5.2E-14
0.14	0.189106	-6E-14
0.1425	0.31364	-5.6E-14
0.145	0.205324	-5.7E-14
0.1475	0.170278	-6E-14
0.15	0.214094	-7.5E-14
0.1525	0.208412	7.4E-14
0.155	0.238578	6.9E-14
0.1575	0.266572	6.3E-14
0.16	0.131876	9E-14
0.1625	0.185722	4.9E-14
0.165	0.19065	9.7E-14
0.1675	0.232816	1.1E-13
0.17	0.267194	7.6E-14
0.1725	0.302958	1.53E-12
0.175	0.231128	1.25E-13
0.1775	0.33385	6.1E-14
0.18	0.302382	8.2E-14
0.1825	0.350806	8.9E-14
0.185	0.266396	1.01E-13
0.1875	0.253006	1.1E-13
0.19	0.214568	1.19E-13
0.1925	0.154432	4.3E-14
0.195	0.23949	9.8E-14
0.1975	0.260752	5.8E-14
0.2	0.215778	4.5E-14
0.2025	0.219826	7E-14
0.205	0.28697	5.547E-12
0.2075	0.296054	5.629E-12
0.21	0.266556	5.623E-12
0.2125	0.303872	5.416E-12
0.215	0.18436	5.084E-12
0.2175	0.242798	5.123E-12
0.22	0.283164	5.074E-12
0.2225	0.234908	5.677E-12
0.225	0.278386	6.289E-12
0.2275	0.303706	6.338E-12
0.23	0.360618	5.12E-12
0.2325	0.244874	5.791E-12
0.235	0.29113	6.329E-12
0.2375	0.280334	5.241E-12
0.24	0.325246	5.975E-12
0.2425	0.256942	5.705E-12
0.245	0.154688	5.33E-12
0.2475	0.231458	6.243E-12
0.25	0.2757	5.792E-12
0.2525	0.211616	5.908E-12
0.255	0.298194	5.475E-12
0.2575	0.275472	5.753E-12
0.26	0.275034	3.3893E-11
0.2625	0.267066	4.007E-11
0.265	0.330226	3.7444E-11
0.2675	0.181512	4.0831E-11
0.27	0.28285	3.8734E-11
0.2725	0.323398	3.8586E-11
0.275	0.371068	3.2105E-11
0.2775	0.149568	3.9724E-11
0.28	0.290598	3.828E-11
0.2825	0.16779	4.0309E-11
0.285	0.243346	4.1493E-11
0.2875	0.216652	4.615E-11
0.29	0.201464	4.31E-11
0.2925	0.248342	4.073E-11
0.295	0.141164	4.0618E-11
0.2975	0.222406	4.7057E-11
0.3	0.062672	4.5685E-11
0.3025	0.30649	1.31398E-10
0.305	0.137668	1.30044E-10
0.3075	0.05623	1.2443E-10
0.31	0.140646	1.35525E-10
0.3125	0.3126	1.08254E-10
0.315	0.078036	9.4766E-11
0.3175	0.10567	7.4402E-11
0.32	0.216104	7.9705E-11
0.3225	0.043066	8.6121E-11
0.325	0.143158	9.5415E-11
0.3275	0.158816	9.7647E-11
0.33	0.06133	1.044E-10
0.3325	0.174436	1.29306E-10
0.335	0.056598	1.04849E-10
0.3375	0.121864	1.32604E-10
0.34	0.08396	1.12187E-10
0.3425	0.181104	9.7521E-11
0.345	0.038046	9.4506E-11
0.3475	0.076692	1.05379E-10
0.35	0.146964	9.7744E-11
0.3525	0.082156	9.3744E-11
0.355	0.10632	2.4964E-10
0.3575	0.126868	2.154E-10
0.36	0.081568	1.7719E-10
0.3625	0.163206	1.5084E-10
0.365	0.059912	1.849E-10
0.3675	0.085782	1.6735E-10
0.37	0.094162	1.6004E-10
0.3725	0.238832	1.3561E-10
0.375	0.19485	1.3981E-10
0.3775	0.073826	1.4306E-10
0.38	0.090606	1.7373E-10
0.3825	0.095824	2.008E-10
0.385	0.121362	2.0105E-10
0.3875	0.217454	1.9756E-10
0.39	0.123248	2.0613E-10
0.3925	0.25498	2.4698E-10
0.395	0.114154	2.2249E-10
0.3975	0.2687	1.7425E-10
0.4	0.248456	1.4858E-10
0.4025	0.294484	2.7549E-10
0.405	0.223702	2.4815E-10
0.4075	0.185404	2.0723E-10
0.41	0.224028	2.3563E-10
0.4125	0.226138	2.6578E-10
0.415	0.199392	2.4675E-10
0.4175	0.298434	3.2949E-10
0.42	0.167626	2.8808E-10
0.4225	0.163246	3.2342E-10
0.425	0.179036	3.4294E-10
0.4275	0.236896	3.0748E-10
0.43	0.251264	2.4805E-10
0.4325	0.18912	2.7214E-10
0.435	0.305206	2.7148E-10
0.4375	0.316464	2.3031E-10
0.44	0.148262	2.6459E-10
0.4425	0.228024	2.9521E-10
0.445	0.37072	3.2272E-10
0.4475	0.267454	3.5124E-10
0.45	0.222304	3.6665E-10
0.4525	0.173588	4.1289E-10
0.455	0.249272	3.4989E-10
0.4575	0.224972	3.5851E-10
0.46	0.160786	4.5677E-10
0.4625	0.283478	4.0809E-10
0.465	0.259326	4.0795E-10
0.4675	0.18722	4.3441E-10
0.47	0.648114	1.73121E-09
0.4725	0.220242	8.3554E-10
0.475	0.882932	1.9921E-09
0.4775	0.67248	2.74566E-09
0.48	0.465298	2.63098E-09
0.4825	0.469246	3.74872E-09
0.485	0.26379	1.04315E-09
0.4875	0.107832	5.0325E-10
0.49	0.259112	5.2771E-10
0.4925	0.043938	4.7653E-10
0.495	0.470584	7.013E-10
0.4975	0.149136	4.4225E-10
0.5	0.031912	4.4618E-10
